1	123	2	2	-0.872	-0.138	0.526	phot
1	123	3	2	0.475	-0.981	1.05	phot
1	122	2	3	-0.273	0.616	3.23	compt
1	123	3	2	0.457	-0.323	1.09	phot
1	125	2	2	-0.183	-0.14	0.156	phot
1	126	3	2	0.532	-0.588	1.28	compt
1	123	3	2	0.175	-0.923	0.348	phot
1	125	2	2	-0.697	-1.1	0.485	phot
1	124	3	3	0.0572	0.709	0.0514	phot
1	124	3	2	0.218	-1.35	4.13	phot
1	120	3	3	0.549	0.0872	1.4	phot
1	121	3	3	0.12	0.223	0.737	phot
1	69.1	1	2	-5	-1.11	1.27	phot
2	97.5	2	2	-0.00933	-1.18	0.436	phot
2	21.5	3	2	0.201	-1.13	0.458	phot
1	58	1	2	-4.46	-2.1	0.106	phot
1	120	2	2	-0.831	-0.051	2.92	phot
2	37.2	3	2	0.0119	-1.77	4.62	phot
2	84.4	2	2	-0.000651	-1.77	4.62	eIoni
1	93.6	1	3	-3.52	0.501	3.45	phot
1	121	3	3	1.31	0.294	1.38	phot
1	125	3	3	0.624	0.577	1.15	phot
1	122	3	2	0.969	-0.525	0.58	phot
1	122	2	2	-0.46	-0.718	2.12	phot
1	116	2	2	-0.348	-0.977	3.34	phot
1	122	3	3	0.753	0.204	3.27	phot
1	123	3	2	0.543	-0.0496	2.36	phot
1	125	3	2	0.767	-0.785	0.107	phot
1	120	3	2	0.313	-0.644	3.8	phot
1	121	2	2	-1.48	-0.239	3.97	phot
1	120	2	3	-0.53	0.895	0.439	compt
1	121	2	3	-0.606	0.527	4.31	phot
1	122	3	3	0.319	0.91	0.279	phot
1	77.1	1	4	-2.76	3.6	0.285	phot
2	95	2	2	-0.0976	-0.341	1.12	phot
2	26.4	3	2	0.0117	-0.292	1.15	phot
1	123	3	2	0.563	-0.437	0.604	phot
1	124	3	3	0.209	0.842	0.268	phot
1	124	2	2	-0.66	-0.286	2.28	phot
1	126	3	3	0.306	0.296	0.738	phot
2	95.4	3	3	0.163	0.478	1.99	phot
2	27.9	3	2	0.231	-0.0745	2.07	phot
1	121	2	2	-0.923	-0.247	0.615	phot
1	120	3	3	0.587	0.539	1.26	phot
1	123	3	3	0.129	0.774	1.49	phot
1	52	3	2	1.04	-1.52	0.0412	phot
1	68	3	4	1.88	4.19	0.00162	phot
2	102	3	2	0.184	-0.38	3.59	phot
2	23.3	2	2	-0.0356	-0.476	3.66	phot
1	121	2	2	-0.129	-1.23	1.29	phot
1	123	2	2	-1.22	-0.231	3.25	phot
1	124	2	3	-0.2	0.265	0.995	compt
1	124	2	2	-0.345	-0.493	0.744	phot
1	124	3	3	0.0301	0.64	0.036	phot
2	11	2	2	-0.132	-0.00204	0.966	phot
2	112	2	3	-0.175	0.0373	0.977	phot
1	125	3	2	0.193	-0.322	1.42	phot
1	29.7	4	3	4.01	0.8	0.0166	phot
1	124	3	2	0.0381	-0.00364	0.287	phot
1	117	3	3	0.883	0.108	4.37	phot
1	119	2	2	-0.899	-0.0375	1.39	phot
1	122	3	2	0.231	-0.027	0.475	phot
1	124	3	2	1.01	-0.193	0.41	phot
1	121	2	2	-0.601	-0.0811	0.0403	phot
1	123	2	2	-0.169	-0.623	1.32	phot
1	118	3	2	0.699	-0.751	0.209	compt
1	121	3	3	0.844	0.353	0.901	phot
2	26.1	3	3	0.00444	0.0953	2.07	phot
2	97	2	3	-0.00985	0.096	2.06	eIoni
1	123	3	3	0.197	1.08	2.39	phot
1	122	2	2	-0.504	-0.843	0.626	phot
1	96.9	3	3	0.387	0.935	0.398	phot
1	125	2	3	-0.472	0.575	4.7	phot
2	90.6	3	3	0.414	0.0414	1.73	phot
2	31.2	3	2	0.427	-0.00062	1.67	phot
1	71.5	1	2	-4.97	-1.74	0.657	phot
1	122	3	3	0.291	0.358	0.59	phot
1	64.4	1	3	-3.36	0.115	0.0722	phot
1	119	2	2	-1.28	-0.455	4.49	phot
1	124	3	2	0.731	-0.064	4.75	phot
1	120	2	3	-0.118	0.306	1.26	compt
1	68.2	3	1	0.647	-3.93	0.241	phot
1	122	2	2	-0.893	-0.607	0.311	phot
1	119	2	4	-0.0238	3.03	1.35	phot
1	125	2	2	-0.131	-0.833	1.98	phot
1	54.6	4	4	2.95	4.93	1.02	phot
1	90.5	1	4	-3.98	3.99	0.603	phot
2	97	3	3	0.0689	1.11	0.176	phot
2	29	2	3	-0.303	0.614	0.144	phot
1	121	2	2	-0.61	-0.478	0.519	phot
1	123	2	2	-0.11	-0.738	0.0568	phot
1	121	2	3	-0.652	0.0699	3.66	phot
1	121	2	2	-0.0656	-0.123	1.92	phot
1	122	2	2	-0.199	-0.493	2.51	phot
1	120	2	3	-0.404	0.337	0.211	phot
1	121	3	2	0.57	-0.104	0.96	phot
1	119	3	2	0.252	-0.315	2.75	phot
1	118	3	3	0.67	0.351	1.59	phot
1	68.1	4	4	3.32	2.8	0.493	phot
1	124	3	3	0.868	0.0882	0.696	phot
1	18.5	3	2	0.902	-0.302	4.57	compt
2	97.2	3	3	0.299	0.0763	2.34	phot
2	27.9	2	2	-0.127	-0.167	2.3	phot
1	120	3	2	0.146	-0.604	0.232	phot
1	58.8	1	3	-3.22	1.54	0.927	phot
1	121	3	3	0.888	0.546	1.08	compt
1	123	3	3	0.604	0.251	2.15	phot
1	120	3	2	0.0235	-0.337	0.223	phot
1	124	2	3	-0.605	0.443	0.895	phot
1	122	2	2	-0.0646	-0.283	1.76	phot
1	123	3	3	0.167	0.0415	0.758	phot
2	92.9	3	2	0.397	-0.106	0.877	phot
2	28.6	3	3	0.363	0.00129	0.798	phot
1	116	2	2	-0.603	-0.771	0.629	phot
1	120	3	2	1.05	-0.173	2.07	phot
1	124	3	2	0.9	-0.284	0.4	phot
1	118	3	3	0.343	0.222	0.196	phot
1	16.5	4	2	4.02	-2.46	0.454	compt
1	121	3	3	0.341	0.803	1.36	phot
1	122	2	3	-0.873	0.295	2.38	phot
1	123	2	2	-0.131	-1.2	0.368	phot
1	123	2	2	-0.875	-0.574	2.66	phot
2	121	3	2	0.395	-0.00545	3.15	phot
2	1.1	3	3	0.415	0.0269	3.09	phot
1	120	3	2	0.674	-0.19	0.11	phot
1	120	3	3	0.0632	0.69	0.942	phot
1	124	3	2	0.399	-1.08	0.464	phot
2	98.6	2	3	-1.05	0.0594	3.83	phot
2	22.7	2	2	-0.889	-0.0124	4.02	phot
1	119	3	3	0.0589	0.39	2.27	phot
1	122	3	3	0.225	1.33	3.21	phot
1	122	3	3	0.384	0.633	0.515	phot
1	121	2	3	-0.437	1.04	4.86	phot
1	121	2	3	-0.581	0.318	1.09	phot
1	121	2	3	-1.15	0.385	1.39	phot
1	123	2	2	-0.333	-0.494	2.36	phot
1	124	3	3	0.583	0.508	1.29	phot
1	128	3	2	0.491	-0.0308	0.424	phot
1	125	2	2	-0.789	-0.4	3.05	phot
1	120	3	2	0.965	-0.729	0.439	phot
1	119	3	3	0.207	0.268	0.617	phot
1	119	2	2	-0.102	-0.122	0.625	phot
1	123	3	3	1.03	0.556	0.911	phot
1	121	2	2	-0.34	-0.325	1.68	phot
1	122	2	3	-0.514	0.409	3.83	phot
2	97.4	3	3	0.471	0.0308	0.736	phot
2	24.3	3	2	0.389	-0.0742	0.718	phot
1	98	2	3	-0.855	0.0937	0.0794	compt
1	125	3	3	0.305	1.14	0.485	phot
1	123	2	2	-0.758	-0.327	0.998	phot
1	67.3	3	4	0.32	3.17	0.404	phot
2	36.9	3	2	0.366	-0.624	3.12	compt
2	79	2	2	-0.0187	-0.732	3.25	phot
1	97.9	3	3	0.247	0.765	0.0491	phot
1	123	3	2	0.713	-0.715	2.34	phot
1	62.8	2	1	-0.49	-3.08	0.269	phot
1	119	3	2	0.431	-0.168	1.06	phot
2	92.7	3	3	0.409	0.0247	0.756	phot
2	23	3	2	0.425	-0.0836	0.952	phot
1	123	2	2	-0.612	-0.111	0.00715	phot
1	127	3	3	0.174	0.98	3.37	phot
1	124	3	3	1.21	0.377	1.91	phot
1	119	2	3	-0.206	0.865	0.515	phot
1	126	3	3	0.711	0.632	1.92	phot
1	122	2	2	-0.591	-0.466	3.47	phot
1	90.8	4	3	4.67	1.23	1.84	phot
1	41.4	4	4	2.86	4.96	1.23	phot
1	120	2	2	-0.133	-0.264	1.5	phot
1	120	3	3	0.902	0.32	4.42	phot
1	120	3	3	0.659	0.172	0.37	phot
1	90.3	3	1	2.02	-3.7	0.0435	phot
1	68	3	3	1.41	1.21	0.24	phot
1	120	3	2	0.897	-0.408	0.107	phot
2	7.65	3	2	0.447	-0.0861	3.02	compt
2	119	3	3	0.609	0.41	3.69	phot
1	119	2	2	-0.484	-0.405	4.38	phot
1	123	3	2	0.928	-0.626	1.81	phot
1	126	2	2	-0.607	-0.267	0.0988	phot
1	123	3	3	0.664	0.683	0.63	phot
1	121	2	3	-0.444	0.83	0.732	phot
1	56.9	1	4	-3.78	2.65	0.0667	phot
1	127	3	3	0.325	0.294	0.00943	phot
1	120	3	3	0.189	0.431	0.917	phot
1	122	2	3	-0.301	0.913	2.69	phot
1	121	2	2	-0.331	-0.223	2.95	phot
1	123	2	3	-0.824	0.139	0.776	phot
1	124	3	2	0.0922	-0.0307	1.18	phot
1	124	2	2	-0.602	-0.154	0.575	phot
1	120	2	3	-0.0467	0.125	0.257	phot
1	124	3	3	0.506	0.443	1.29	phot
1	119	3	2	0.529	-0.729	0.309	phot
1	126	3	3	1.06	0.169	0.194	phot
1	120	2	3	-0.131	0.663	2.75	phot
1	124	2	2	-0.395	-0.0559	1.66	phot
1	122	2	2	-0.22	-0.108	0.299	phot
1	122	3	2	0.23	-0.368	2.3	phot
1	122	2	2	-0.581	-0.367	0.208	phot
1	128	3	2	0.0521	-0.928	2.25	phot
1	119	3	3	0.307	0.0733	1.97	phot
1	122	2	2	-0.0984	-0.0928	4.09	phot
1	124	3	2	0.0371	-1.05	0.115	phot
1	123	2	2	-0.991	-0.386	0.248	phot
1	124	2	2	-0.607	-0.769	0.291	phot
1	51.6	4	4	2.98	3.25	0.0238	phot
1	2.44	3	1	1.94	-2.68	0.0445	compt
2	36.8	2	3	-0.411	0.323	2.51	compt
2	86.3	3	3	0.907	1.89	0.183	phot
1	24.4	4	4	4.99	4.48	3.08	phot
1	121	3	2	1.1	-0.584	1.22	phot
1	121	3	3	0.625	0.192	3.31	phot
1	126	2	3	-0.0664	0.321	1.21	phot
1	122	3	3	0.719	0.699	0.244	phot
1	99.2	1	3	-3.65	1.27	0.556	phot
1	120	2	2	-0.989	-0.0147	0.512	phot
1	120	3	3	0.562	0.963	0.817	phot
1	125	2	2	-0.609	-0.144	0.684	phot
1	63.4	1	4	-4.76	2.96	4.41	phot
1	116	3	2	0.222	-0.211	0.547	phot
2	9.69	3	2	0.387	-0.608	0.767	compt
2	115	2	3	-1.9	0.845	3.32	phot
1	36.3	4	4	3.03	4.78	0.0301	phot
1	108	1	1	-4.87	-4.77	2.94	phot
1	127	3	2	0.105	-1.39	2.9	compt
1	125	3	3	0.486	0.214	4	phot
1	121	2	3	-0.792	0.281	1.68	phot
1	123	3	2	0.548	-0.416	2.68	phot
1	125	3	3	0.156	0.395	1.14	phot
1	125	2	3	-0.0701	0.106	1.6	compt
2	27.6	3	3	0.728	0.409	0.876	compt
2	92.7	3	2	1.35	-0.703	0.636	phot
1	119	2	2	-0.595	-1.08	4.24	phot
1	122	2	2	-0.42	-0.0477	0.249	phot
1	121	2	2	-0.955	-0.174	2.77	phot
1	122	2	2	-0.5	-0.602	1.72	phot
1	122	3	2	0.593	-0.181	0.718	phot
1	125	2	2	-0.734	-0.302	1.48	phot
3	42.2	3	3	0.016	0.00335	0.651	phot
3	23	2	2	-0.124	-0.202	0.581	phot
3	55	3	2	0.0162	-0.000395	0.658	eIoni
1	120	2	3	-0.523	0.651	0.366	phot
1	118	2	2	-0.253	-0.436	0.626	phot
2	97.8	2	2	-0.941	-0.333	4.16	phot
2	21.9	2	3	-1.05	0.24	4.35	phot
1	122	3	2	0.222	-0.562	1.88	phot
1	64.3	4	4	4.76	4.66	0.104	phot
2	98.5	3	2	0.0895	-0.38	0.23	phot
2	23.2	2	2	-0.224	-0.183	0.278	phot
1	123	2	2	-1.13	-0.0818	3.07	phot
2	54.5	3	3	1.9	0.558	4.36	compt
2	70.7	4	3	2.52	0.667	4.04	phot
1	70.6	2	1	-1.14	-2.76	0.00567	phot
1	124	2	3	-0.539	0.316	1.38	phot
1	126	3	3	0.187	0.741	0.838	phot
1	120	3	2	0.0334	-0.786	1.79	phot
1	87.9	2	1	-0.707	-3.57	0.516	phot
1	82.7	4	4	3.88	4.77	2.71	phot
1	123	2	2	-0.796	-0.248	1.53	phot
1	125	2	2	-0.555	-0.82	0.846	phot
1	124	2	2	-0.0184	-0.0976	0.633	phot
1	123	2	2	-0.338	-0.97	0.279	compt
1	126	3	2	0.702	-0.45	0.238	phot
1	128	3	2	0.799	-0.842	0.407	phot
1	58.2	2	4	-1.14	4.85	0.164	phot
1	117	3	3	0.152	0.16	0.938	phot
1	123	3	3	0.368	0.438	1.51	phot
1	122	3	2	0.111	-0.71	2.16	phot
1	59.7	3	1	1.36	-4.09	0.703	phot
1	72.5	1	3	-4.6	2.32	1.84	phot
1	122	2	2	-0.177	-0.417	0.205	phot
2	97.3	3	3	0.0199	0.905	1.1	phot
2	23.1	2	3	-0.0896	0.831	1.03	phot
1	47.7	1	3	-4.39	2.08	0.0423	phot
1	122	2	2	-1.16	-0.708	1.25	phot
1	126	2	3	-0.452	0.871	0.654	phot
1	120	2	3	-0.534	1.02	0.303	phot
1	126	3	3	0.367	0.791	1.69	phot
1	100	3	1	0.826	-4.3	1.15	phot
2	70.2	3	2	0.0119	-0.782	0.957	phot
2	51.3	2	2	-0.00726	-0.765	0.97	phot
1	122	2	3	-0.671	0.131	1.63	compt
1	76.3	1	1	-2.86	-3.21	0.0213	phot
1	120	2	2	-0.333	-0.862	2.57	phot
1	122	2	2	-0.951	-0.477	0.0548	phot
1	58.7	4	2	4.98	-2.02	0.0788	phot
1	122	3	3	0.284	1.16	0.284	phot
1	0.428	2	3	-0.658	0.722	3.66	compt
1	121	2	2	-0.788	-0.813	1.01	phot
1	122	3	3	0.0667	0.0166	0.444	phot
1	121	3	3	0.201	1.22	1.35	phot
1	124	3	3	0.519	0.715	0.412	phot
1	125	2	3	-0.618	0.363	1.31	phot
1	121	3	2	0.75	-1	0.701	phot
1	118	3	2	0.324	-0.684	0.452	phot
1	123	3	2	0.239	-0.76	1.22	compt
1	124	3	2	0.556	-0.651	0.288	phot
4	11.1	2	2	-0.567	-0.652	0.256	compt
4	11.8	3	3	0.637	1.89	2.05	compt
4	69.1	2	3	-0.659	2.47	4.16	phot
4	26.8	2	4	-0.799	2.53	4.16	phot
1	125	2	2	-0.453	-0.662	0.148	phot
1	78.7	4	4	3.47	4.94	0.344	phot
1	120	2	3	-0.488	0.862	0.162	phot
1	119	3	2	0.611	-0.987	1.12	phot
1	120	2	3	-0.608	0.528	1.89	phot
1	122	2	3	-0.586	0.209	0.324	phot
1	123	2	2	-0.715	-0.819	0.546	phot
2	99.6	2	2	-0.0396	-0.465	2.53	phot
2	23.1	3	2	0.0436	-0.512	2.5	phot
1	96	2	2	-1.35	-0.166	0.0479	phot
1	120	3	2	0.448	-0.421	0.5	phot
1	121	3	3	1.12	0.0708	2.48	phot
1	122	2	3	-0.431	0.939	0.542	phot
1	55	3	4	0.661	3.3	0.0171	phot
2	16.2	3	3	0.128	0.0642	1.23	compt
2	110	3	2	0.161	-0.055	1.27	phot
1	121	3	2	0.812	-0.574	0.287	phot
1	40	1	3	-4.86	1.2	3.2	phot
1	124	3	3	0.941	0.216	2.47	phot
2	99.4	3	2	0.939	-0.0385	0.854	phot
2	22.6	3	3	0.794	0.478	0.55	phot
1	121	3	3	0.575	0.148	2.56	phot
1	123	3	3	0.714	0.609	1.39	phot
1	121	3	3	0.153	0.999	1.2	phot
1	65.1	4	4	3.43	4.98	1.89	phot
1	123	3	3	0.436	0.264	1.25	phot
1	123	2	2	-0.915	-0.438	1.24	phot
1	119	2	3	-0.803	0.359	2.93	phot
1	118	3	2	0.146	-0.0793	2.01	phot
2	0.411	2	2	-0.471	-0.00104	1.2	phot
2	120	2	3	-0.691	0.106	1.18	phot
1	125	2	3	-0.809	0.321	4.15	phot
1	125	3	2	0.168	-1.12	1	phot
1	120	2	2	-1.03	-0.247	2.28	phot
1	123	3	2	0.251	-0.653	0.34	phot
1	123	3	2	0.669	-0.207	0.513	phot
2	31.8	3	3	0.00493	0.47	1.6	phot
2	89.1	2	3	-0.0223	0.489	1.68	eIoni
1	120	3	3	0.0626	0.719	1.64	phot
1	121	3	2	0.698	-0.249	0.632	phot
1	59.1	4	2	4.25	-1.95	0.0146	phot
1	82.7	4	1	3.1	-4.78	2.91	compt
1	124	3	3	0.53	0.564	4.79	phot
1	119	3	2	0.736	-0.216	2.18	phot
1	122	2	3	-0.0291	0.134	2.79	phot
1	121	3	2	1.12	-0.376	1.82	phot
1	69.4	4	3	4.26	2.36	0.552	phot
1	126	3	2	0.0269	-0.676	2.16	phot
1	126	3	2	0.298	-0.684	0.689	phot
1	121	2	2	-0.684	-0.116	2.59	phot
1	124	2	3	-0.44	0.806	1.73	phot
1	63	4	1	2.87	-3.08	0.74	phot
1	116	2	3	-1.07	0.555	1.27	phot
1	123	3	3	0.265	1.24	4.94	phot
1	55.5	3	1	1.39	-3.71	0.639	phot
1	122	2	3	-0.351	0.725	0.0468	phot
1	121	2	2	-0.812	-0.0926	1.06	compt
1	118	2	2	-0.568	-0.296	3.61	compt
1	82.9	3	3	0.499	0.412	0.578	phot
1	123	2	2	-0.959	-0.373	1.81	phot
1	121	3	2	0.955	-0.414	0.356	phot
1	123	3	3	1.17	0.208	0.634	phot
2	99.5	3	2	0.0014	-0.225	0.694	phot
2	23	2	2	-0.133	-0.236	0.764	phot
1	119	3	2	0.281	-0.811	2.55	phot
1	120	2	2	-0.19	-1.25	2.37	phot
1	124	3	3	0.811	0.273	0.35	phot
1	122	3	2	0.535	-0.38	4.52	phot
1	123	2	3	-0.232	0.111	1.03	phot
1	123	3	2	0.477	-0.58	1.98	phot
1	123	2	2	-0.119	-0.17	2.31	phot
1	51.5	1	4	-3.12	4.91	2.97	phot
1	122	2	2	-0.934	-0.378	0.21	phot
1	120	2	2	-0.021	-0.867	1.57	phot
1	105	4	1	3.36	-4.54	0.428	phot
1	123	2	2	-0.169	-0.496	1.13	phot
1	122	3	3	0.352	0.322	1.22	phot
1	119	3	3	0.24	0.0229	3.87	phot
1	120	3	3	1.11	0.441	0.51	phot
1	60.3	3	1	0.718	-4.9	1.49	phot
1	90.9	3	1	0.788	-4.62	3.44	phot
1	123	2	3	-0.187	0.00589	2	phot
1	121	2	2	-0.815	-0.132	2.04	phot
1	84.8	1	4	-4.24	4.65	3.39	phot
1	120	3	3	0.474	0.738	0.211	phot
1	123	2	2	-0.276	-0.914	2.42	phot
2	8.9	2	3	-0.0961	0.614	0.614	compt
2	118	1	2	-3.2	-2.15	4.86	phot
1	96.2	1	4	-3.3	4.27	1.28	compt
2	114	3	3	0.0497	1.1	4.46	phot
2	7.05	2	3	-0.00724	1.04	4.46	phot
1	123	3	2	0.588	-0.721	0.498	phot
1	124	2	3	-0.283	0.667	1.88	phot
2	26.7	2	3	-0.859	0.0148	0.0557	phot
2	97.9	2	2	-0.874	-0.046	0.11	phot
1	119	2	2	-0.707	-0.00385	0.573	phot
1	124	3	3	1.14	0.521	1.24	phot
1	123	2	2	-0.601	-0.831	0.601	phot
1	118	2	2	-0.572	-0.35	2.69	compt
1	121	3	2	0.191	-0.674	0.271	phot
1	124	2	2	-1.01	-0.257	0.517	phot
1	120	2	2	-0.351	-0.408	3.05	phot
1	84.4	3	2	2.23	-1.77	0.0717	phot
1	120	3	2	0.654	-0.072	0.113	phot
1	126	3	2	0.126	-0.777	0.339	phot
1	121	3	2	0.718	-1.19	4.13	phot
1	124	2	3	-0.489	0.837	0.019	phot
1	122	3	2	0.585	-0.139	0.258	phot
1	122	3	2	0.113	-0.547	1.2	phot
2	93.7	3	3	0.0383	0.609	0.0904	phot
2	27.5	2	3	-0.0348	0.512	0.0133	phot
1	120	3	2	0.29	-1.25	3.72	phot
1	123	3	3	0.0088	0.711	0.856	phot
1	126	3	3	0.714	0.424	0.823	phot
1	123	3	3	1.19	0.477	1.35	compt
1	126	3	2	0.333	-0.0493	1.99	phot
1	47.8	4	1	4.54	-4.83	1	phot
1	120	2	3	-0.5	0.877	2.74	phot
1	123	2	2	-0.557	-0.276	0.789	phot
1	120	2	3	-0.61	0.277	0.863	phot
1	126	3	3	0.942	0.495	2.7	phot
1	122	3	3	0.305	0.892	1.26	phot
1	124	2	2	-0.0417	-1.06	0.513	phot
1	123	2	3	-0.22	0.368	0.145	phot
1	57.7	1	1	-2.98	-4.72	0.616	phot
1	126	3	3	0.193	0.359	0.856	phot
1	127	3	3	0.554	0.249	0.278	compt
1	121	3	2	0.268	-0.103	0.0467	phot
1	119	3	2	0.885	-0.16	2.01	phot
1	120	2	3	-0.671	0.0692	0.897	phot
1	55.4	3	2	1.76	-0.453	0.00631	phot
1	123	3	3	0.741	0.00772	4.7	phot
1	116	2	3	-0.604	0.0557	0.701	phot
1	119	2	2	-0.829	-0.639	2.11	phot
1	129	2	2	-0.507	-0.556	0.105	phot
1	106	4	1	4.81	-3.6	1.67	phot
2	30.6	2	3	-0.306	0.15	0.514	compt
2	89.5	3	2	0.229	-0.154	0.217	phot
1	122	3	2	0.276	-1.52	3.06	phot
2	127	3	3	0.169	0.104	0.286	phot
2	1.23	3	2	0.26	-0.0294	0.281	phot
1	126	2	3	-0.541	1.25	3.29	phot
1	120	3	2	0.412	-0.72	2.25	phot
1	123	3	2	0.443	-0.751	1.3	phot
1	117	3	2	0.243	-1.15	0.739	phot
1	124	3	2	0.714	-0.744	1.96	phot
1	123	2	2	-0.48	-1.02	0.635	phot
1	121	2	3	-0.437	0.107	2.17	phot
1	119	2	2	-0.0913	-1.09	0.173	phot
1	116	2	2	-0.362	-0.65	0.691	phot
1	120	3	2	0.123	-0.315	0.889	phot
1	103	1	4	-3.44	4.32	3.47	phot
1	119	2	2	-0.172	-0.468	0.0382	phot
1	122	2	2	-0.376	-0.147	2.69	phot
1	16.3	3	3	1.51	0.263	4.99	compt
1	117	3	2	0.498	-0.0878	1.68	phot
1	125	2	2	-0.167	-0.731	0.825	phot
1	123	3	2	0.773	-0.744	0.544	phot
1	121	2	2	-0.346	-0.334	2.81	phot
1	121	2	3	-0.323	0.0985	1.48	phot
1	27.1	3	3	0.281	0.866	0.00673	compt
1	52.7	4	1	3.46	-4.29	0.631	phot
1	121	3	2	0.828	-0.365	0.2	phot
1	122	3	2	0.709	-0.298	4.61	phot
1	122	2	3	-0.12	0.0688	1.94	phot
2	98.6	2	2	-0.181	-0.211	0.177	phot
2	24.1	3	2	0.0219	-0.239	0.128	phot
1	124	2	2	-0.483	-0.507	0.678	phot
1	118	3	3	0.98	0.19	0.91	phot
1	57.5	3	4	1.47	3.78	0.724	phot
1	122	2	3	-0.778	0.438	2.07	phot
1	119	3	3	0.478	0.417	0.734	phot
1	115	2	3	-0.405	0.261	0.67	phot
1	119	3	3	0.738	0.216	2.05	phot
1	117	2	2	-0.83	-1.05	3.55	phot
1	119	3	3	0.609	0.742	1.18	phot
1	124	2	2	-0.464	-0.967	0.269	phot
1	121	2	3	-0.0184	1.26	3.62	phot
1	120	2	3	-0.394	0.312	4.45	phot
1	123	2	2	-0.907	-0.981	3.32	compt
1	122	3	3	1.05	0.463	1.31	phot
1	119	3	3	0.836	0.778	2.63	phot
1	124	2	2	-0.888	-0.772	0.0415	phot
1	120	3	2	0.265	-0.442	0.159	phot
3	22	2	2	-0.525	-0.771	4.65	compt
3	60.8	3	2	1.25	-0.00559	4.84	phot
3	40.3	3	3	1.41	0.086	4.83	phot
1	75.9	3	3	1.29	0.0464	0.843	phot
1	122	2	2	-0.843	-0.309	0.2	phot
1	121	3	3	0.139	0.224	1.76	phot
1	126	2	3	-1.12	0.689	4.38	phot
1	122	3	3	0.0319	0.934	2.68	phot
1	130	3	2	0.763	-0.325	0.021	phot
1	97.5	3	3	0.0395	1.81	0.304	phot
1	96.9	3	2	0.788	-0.169	0.0827	phot
1	122	3	2	0.501	-0.383	2.76	phot
1	121	2	3	-0.105	0.674	2.45	phot
1	81.8	1	3	-3.73	0.57	0.0388	phot
1	123	2	3	-0.739	0.384	0.0891	phot
1	120	3	2	0.324	-0.551	1.6	phot
3	0.542	3	2	0.00982	-0.13	0.919	phot
3	25.7	2	3	-0.319	0.015	1.06	phot
3	98.3	2	2	-0.000583	-0.143	0.918	eIoni
1	122	2	3	-0.269	0.306	0.913	phot
1	92.4	4	2	4.87	-0.257	4.1	phot
1	77.2	2	3	-0.417	0.329	0.241	phot
1	123	3	2	0.359	-0.102	0.297	phot
1	122	2	2	-0.283	-0.736	1.28	phot
1	125	2	3	-1.15	0.445	4	phot
2	95.6	2	2	-0.222	-0.0647	1.27	phot
2	27.6	2	3	-0.176	0.0301	1.13	phot
2	100	3	2	0.394	-0.0651	3.42	phot
2	23.2	3	3	0.31	0.00312	3.37	phot
1	71.1	1	1	-4.27	-4.89	0.11	phot
1	121	2	2	-1.13	-0.133	0.912	phot
1	56.5	2	3	-1.92	0.0531	0.0453	phot
1	94.7	4	4	3.08	4.5	1.72	phot
1	119	3	3	0.748	0.663	1.44	phot
1	39.8	1	4	-2.67	5	4.75	phot
2	59.9	2	2	-0.00246	-0.392	1.75	phot
2	61.3	3	2	0.0254	-0.394	1.71	phot
1	118	2	3	-0.385	0.777	1.26	phot
1	120	2	3	-0.897	0.489	0.658	phot
1	120	2	3	-0.428	0.774	0.54	phot
1	124	2	3	-0.116	0.617	1.35	phot
1	73.9	2	4	-0.512	3.65	0.364	phot
1	123	2	3	-0.606	1.2	3.74	phot
3	9.57	2	2	-0.0371	-0.00672	2.03	compt
3	90.3	2	3	-0.0132	0.258	2.24	phot
3	20.6	3	3	0.000157	0.0368	2.03	eIoni
1	118	2	3	-0.201	0.261	0.31	phot
1	118	2	3	-0.761	0.216	0.499	phot
2	92.2	2	2	-0.0205	-0.39	2.46	phot
2	26.7	3	2	0.00336	-0.386	2.48	phot
1	127	2	2	-0.582	-0.182	0.281	phot
1	122	3	3	0.591	0.308	0.442	phot
2	90.4	2	3	-0.67	0.7	0.832	compt
2	26.7	3	3	0.0285	1.79	0.904	phot
1	56.3	3	3	0.723	0.65	0.161	phot
1	119	3	3	0.985	0.507	4.15	compt
1	124	3	2	0.475	-0.0868	2.66	phot
1	123	2	3	-0.887	0.821	0.689	phot
1	98.3	4	3	4.09	0.136	0.246	phot
1	64.8	2	2	-2.45	-0.573	0.348	phot
1	124	2	2	-0.784	-0.25	3.06	phot
1	122	2	2	-0.596	-0.318	0.081	phot
2	24.9	2	2	-0.0797	-0.0826	1.8	compt
2	98.6	2	3	-1.3	2.23	2.44	phot
1	121	3	2	0.0122	-0.612	3.22	phot
1	81.3	1	3	-3.75	0.545	0.829	phot
1	72.1	2	1	-0.281	-3.14	0.0954	phot
1	60.9	1	3	-3.26	2.15	0.0902	phot
1	122	3	2	1.12	-0.139	1.22	phot
1	121	2	2	-0.653	-0.68	0.629	phot
1	124	3	3	0.904	0.152	0.473	phot
1	83	1	3	-2.96	1.71	0.722	phot
2	98.8	3	3	0.0124	0.633	0.41	phot
2	26.8	2	3	-0.163	0.531	0.471	phot
1	122	3	3	0.14	0.0404	2.69	phot
1	122	2	3	-0.401	0.843	3.16	phot
1	125	2	3	-0.796	0.589	0.772	compt
1	123	3	3	0.505	0.354	0.285	phot
1	67.8	2	1	-1.26	-4.62	4.13	phot
1	119	3	2	0.00511	-0.0347	0.274	phot
1	120	3	3	0.191	0.349	0.471	phot
1	121	3	3	0.839	0.291	3.25	phot
1	123	3	2	0.133	-0.694	2.53	phot
1	125	2	2	-0.557	-0.662	0.328	phot
1	79.1	2	1	-0.452	-2.65	0.15	phot
2	12.4	2	3	-0.693	0.765	0.00867	compt
2	103	1	2	-2.99	-0.127	1.33	phot
1	118	3	3	0.196	0.53	0.776	phot
2	91	3	2	0.0489	-0.683	2.58	phot
2	27.8	2	2	-0.0154	-0.731	2.52	phot
1	122	2	3	-0.0323	0.478	0.184	phot
2	28.6	2	2	-0.00141	-0.686	2.05	phot
2	94.8	3	2	0.00354	-0.691	2.05	eIoni
1	122	3	3	1.02	0.27	0.629	phot
2	101	3	3	0.85	0.0262	0.0786	phot
2	22.5	3	2	0.823	-0.00336	0.0745	phot
1	119	3	3	0.252	0.786	0.801	phot
2	100	2	2	-0.0803	-0.0162	0.56	phot
2	22.4	2	3	-0.184	0.0168	0.535	phot
2	97.3	2	3	-0.112	1.29	0.421	compt
2	23.5	3	3	0.0545	1.58	0.31	phot
2	12.8	3	2	0.521	-0.162	1.68	compt
2	110	3	3	0.393	0.127	1.83	phot
1	122	2	2	-0.836	-0.356	2.88	phot
1	73.7	3	3	0.546	1.04	0.117	phot
1	124	2	3	-0.0856	0.461	2.91	phot
1	121	3	2	0.243	-0.885	2.25	phot
2	23.9	3	3	0.713	0.301	1.07	compt
2	97.2	2	2	-0.144	-0.422	1.05	phot
1	117	3	3	0.945	0.369	0.964	phot
1	128	3	2	0.0757	-0.61	0.373	phot
1	119	2	3	-0.597	0.212	0.0506	phot
1	125	2	3	-0.336	0.424	3.14	phot
1	63.1	1	4	-3.48	2.95	0.208	phot
1	122	2	2	-0.614	-0.357	1.42	phot
1	119	2	2	-0.839	-1.29	0.91	phot
1	120	3	2	0.442	-0.239	0.638	phot
1	123	3	3	0.308	0.261	3.61	phot
1	121	2	2	-0.967	-0.633	0.152	phot
1	66.3	2	4	-1.54	4.87	1.94	phot
1	93.2	3	2	0.231	-0.216	0.0414	phot
2	43.3	4	4	4.23	2.55	0.154	phot
2	22	4	3	4.41	2.45	0.264	phot
1	122	3	2	0.212	-0.731	1.19	phot
2	96.4	3	3	0.0868	0.388	4.19	phot
2	23.8	2	3	-0.0569	0.472	4.11	phot
1	123	3	3	0.792	0.793	0.829	phot
2	30.7	2	2	-0.401	-0.0712	0.781	compt
2	89.3	3	2	0.000145	-0.158	0.619	phot
1	121	3	2	0.136	-0.0977	0.347	phot
1	125	2	2	-0.0946	-0.573	1.68	phot
1	98.7	2	3	-0.00223	0.609	0.0853	phot
1	124	2	3	-0.49	0.553	0.164	phot
1	121	3	3	0.502	0.897	3.58	phot
1	97.8	2	2	-0.789	-2.1	0.478	phot
1	121	2	2	-0.756	-0.342	1.87	phot
1	127	2	3	-2.01	0.28	3.73	phot
1	125	3	3	0.784	0.126	1.31	phot
1	66.5	3	1	0.192	-3.66	0.39	phot
1	56.4	4	1	4.77	-4.39	0.824	phot
2	35	3	2	0.00248	-0.0442	1.91	compt
2	91.2	2	2	-0.0113	-0.419	1.97	phot
1	60.7	2	4	-0.0298	2.9	0.179	phot
1	125	2	2	-0.405	-1.11	2.93	phot
1	123	2	3	-0.393	0.269	1.96	phot
1	121	2	3	-0.928	0.244	0.297	phot
1	24.1	4	4	3.46	4.41	0.00428	phot
1	121	3	2	0.716	-0.282	0.518	phot
1	123	2	3	-0.0526	0.327	1.25	phot
1	123	3	3	0.523	0.813	1.1	phot
1	125	3	3	0.497	0.285	3.14	phot
2	92.6	2	2	-0.205	-0.269	0.254	phot
2	29.3	3	2	0.141	-0.106	0.244	phot
1	122	3	3	0.121	0.187	1.37	phot
1	124	3	2	0.8	-0.826	1.42	phot
1	124	3	2	0.702	-0.132	1.06	phot
1	122	3	3	0.191	0.501	2.63	phot
1	121	3	3	0.243	0.377	0.288	phot
1	122	2	3	-0.178	0.53	0.98	compt
1	49.6	3	3	1.42	0.205	0.0783	phot
1	120	3	3	0.151	0.988	3.93	phot
1	121	3	3	0.369	0.465	2.49	phot
1	119	3	3	0.268	0.532	0.0656	phot
2	99.7	3	3	0.0799	0.212	0.701	phot
2	23.5	2	3	-0.0315	0.199	0.728	phot
1	119	2	2	-0.211	-0.198	2.19	phot
1	126	3	2	0.574	-1.11	2.51	phot
1	118	3	2	0.108	-0.546	0.785	phot
1	98.7	3	3	0.802	0.314	0.0264	phot
1	98.9	2	3	-0.179	0.594	0.0869	phot
1	100	4	3	2.6	0.638	0.582	phot
1	119	2	3	-1.03	0.663	0.234	compt
1	36.1	2	3	-0.132	0.683	1.3	compt
1	125	2	3	-0.54	0.388	0.338	phot
1	38	4	1	3.34	-4.95	4.11	phot
1	125	2	3	-0.521	0.345	1.08	phot
1	123	3	3	0.422	0.162	1.96	phot
2	94.2	3	3	0.31	0.227	0.0419	phot
2	23.3	3	2	0.499	-0.0646	0.0817	phot
1	65.8	2	1	-2.21	-3.91	0.413	phot
1	120	2	3	-0.114	0.763	0.159	phot
1	124	3	3	0.323	0.463	1.14	phot
2	65.6	3	2	0.328	-0.0172	0.163	phot
2	56.5	3	3	0.347	0.00196	0.156	eIoni
1	120	2	2	-0.598	-0.279	1.16	phot
2	12	2	2	-0.42	-0.589	2.61	compt
2	110	2	3	-1.55	0.428	3.5	phot
1	71.2	3	1	0.504	-4.87	2.71	phot
1	124	3	2	0.212	-0.108	2.67	phot
2	83.2	3	3	0.194	0.00906	2.94	phot
2	43.9	3	2	0.199	-0.00135	2.94	eIoni
1	123	2	3	-0.118	1.42	3.86	phot
1	121	2	2	-0.0379	-0.31	0.489	phot
1	123	2	3	-2.02	0.759	1.78	phot
1	32.1	4	2	2.84	-1.67	0.0187	phot
1	126	2	3	-1.08	0.339	1.12	phot
2	75.7	3	3	0.519	0.00228	0.00288	phot
2	42.9	3	2	0.524	-3.21e-06	0.00352	msc
1	122	2	2	-0.557	-0.983	1.09	phot
1	121	3	2	1.15	-0.186	0.443	phot
1	121	3	2	0.336	-0.5	0.519	phot
1	119	2	2	-0.403	-0.831	0.543	phot
1	123	3	2	0.179	-0.511	2.57	phot
1	121	3	2	0.206	-0.574	2.49	phot
1	121	2	2	-0.616	-0.404	1.34	phot
1	125	3	2	0.766	-1.08	4.19	phot
1	84	3	2	1.14	-0.215	0.0882	phot
1	125	2	2	-0.28	-0.218	1.93	compt
1	119	2	2	-0.147	-0.778	0.193	phot
1	128	3	3	0.151	0.75	0.803	phot
1	124	2	3	-0.395	0.392	0.512	phot
1	91.2	3	3	0.107	0.867	0.0111	phot
1	122	3	2	0.0393	-0.336	0.451	phot
1	41	3	4	1.97	4.76	0.0449	phot
1	124	2	2	-0.867	-0.288	0.653	phot
1	62.8	2	2	-0.225	-0.628	0.47	phot
1	123	2	3	-0.41	0.361	1.13	phot
1	121	3	2	0.498	-0.113	0.855	phot
1	124	3	2	0.886	-0.69	0.438	phot
1	97	4	4	3.62	4.31	0.81	phot
1	119	3	3	0.659	0.469	0.761	phot
1	71	4	4	3.23	2.98	0.0367	phot
1	122	2	3	-0.93	0.731	2.8	compt
1	119	2	2	-0.604	-0.17	1.15	phot
1	74.3	2	3	-0.351	1.12	1.44	phot
1	123	3	2	0.718	-1.16	1.12	phot
1	120	3	3	0.465	0.838	2.44	phot
1	120	2	3	-0.239	0.291	0.944	phot
1	122	2	3	-0.873	0.816	4.95	phot
1	120	3	2	0.984	-0.556	0.452	phot
2	98	3	3	0.19	0.241	1.77	phot
2	24.7	2	3	-0.171	0.659	1.85	phot
1	117	3	3	0.297	0.149	4.27	phot
1	72.3	1	3	-2.85	2.32	0.223	phot
1	122	3	3	0.143	0.328	2.52	phot
1	120	2	2	-0.464	-0.327	0.815	phot
1	124	2	2	-0.729	-0.243	4.34	compt
2	94.2	3	2	0.477	-1	2.66	phot
2	25.8	2	2	-0.053	-0.98	3.08	phot
1	120	3	3	0.415	0.589	1.96	phot
1	123	3	3	0.806	0.0374	0.0811	phot
1	120	3	3	0.643	0.266	2.8	phot
1	125	2	2	-0.244	-0.277	0.628	phot
1	121	2	3	-0.579	1.06	2.49	phot
1	123	2	3	-1.01	0.936	1.39	compt
1	120	2	3	-0.826	0.288	2.11	phot
1	69	1	2	-3.86	-2.46	0.565	phot
1	122	3	3	0.319	0.604	0.697	phot
1	121	3	3	0.399	0.818	2.81	phot
1	122	3	2	0.184	-0.977	3.27	phot
2	18.1	3	2	1.07	-0.463	1.02	compt
2	103	3	3	1.04	1.08	1.32	phot
1	120	3	3	1.07	0.446	0.539	phot
1	123	2	3	-0.898	0.78	2.63	phot
1	125	3	2	0.266	-0.222	1.66	phot
1	122	2	2	-0.332	-0.363	1.18	phot
1	120	3	3	0.00516	0.714	1.31	compt
1	122	2	2	-0.214	-0.952	0.191	phot
1	124	2	3	-0.929	0.256	1.78	phot
1	125	2	2	-0.763	-0.00699	2.72	phot
1	122	2	2	-0.952	-0.944	0.503	phot
1	98.7	2	3	-0.113	1.72	1.42	compt
1	123	3	2	0.592	-0.228	0.538	phot
2	103	2	2	-0.286	-0.0732	0.537	phot
2	24	2	3	-0.354	0.0531	0.421	phot
1	120	2	3	-0.471	1.14	1.62	phot
1	121	3	3	0.121	1.12	0.919	phot
1	123	2	2	-0.967	-0.279	3.59	phot
1	121	2	3	-0.639	0.717	1.95	phot
1	119	3	3	0.355	0.692	2.05	phot
1	122	3	3	0.0342	0.808	2.01	compt
1	122	2	2	-0.232	-0.235	0.139	phot
1	123	2	2	-0.211	-1.03	1.16	phot
1	122	3	2	0.592	-0.204	0.951	phot
1	115	3	2	0.522	-0.138	2.19	compt
1	121	3	2	0.623	-0.674	4.44	phot
1	69	1	2	-4.45	-1.14	0.732	phot
2	26.3	3	2	0.00483	-0.719	2.53	phot
2	97.4	2	2	-0.0303	-0.757	2.43	phot
2	100	3	2	0.191	-1.08	0.808	phot
2	21.9	2	2	-0.209	-0.838	0.979	phot
1	82	2	4	-2.4	4.96	3.57	phot
1	61.3	4	1	4.78	-3.7	2.18	phot
1	122	3	2	0.259	-0.112	2.26	phot
2	91.2	2	3	-0.517	0.00951	0.489	phot
2	26.6	2	2	-0.534	-0.0216	0.468	phot
1	120	2	2	-0.347	-0.458	0.434	phot
2	67.2	3	2	0.0443	-0.627	1.82	phot
2	50	2	2	-0.0694	-0.715	1.91	phot
1	61.7	1	1	-2.6	-4.89	1.27	phot
1	124	3	2	0.903	-0.575	0.295	phot
1	119	2	2	-1.16	-0.645	0.749	phot
1	46.5	2	1	-0.179	-5	2.59	phot
1	121	2	3	-0.506	0.378	1.49	phot
1	128	3	2	0.621	-0.249	0.542	phot
2	98.9	3	2	0.452	-0.0337	2.01	phot
2	26.1	3	3	0.571	0.0111	1.71	phot
1	127	2	3	-0.294	0.974	3.81	phot
2	10.2	3	2	1.1	-0.1	1.28	compt
2	109	3	3	1.62	0.192	1.71	phot
1	120	2	3	-0.996	0.525	1.5	phot
1	125	3	3	0.677	0.0341	2.09	phot
1	126	3	3	0.583	1.22	2.2	phot
1	31.6	3	2	0.414	-0.393	0.473	compt
1	123	3	3	0.449	0.138	0.563	phot
1	122	2	2	-1.01	-0.521	2.12	phot
1	125	2	2	-0.402	-0.666	1.21	phot
2	88.3	3	2	0.0506	-0.845	0.846	phot
2	30.2	2	2	-0.115	-0.555	0.809	phot
1	124	2	3	-0.896	0.00382	1.04	phot
1	123	2	3	-0.473	0.341	2.92	phot
1	123	3	2	0.132	-0.184	3.32	compt
1	126	2	3	-0.573	0.564	0.0366	phot
1	120	3	2	0.221	-0.734	1.78	phot
1	121	3	3	0.587	0.77	0.889	compt
1	122	2	2	-0.657	-0.257	1.08	phot
1	124	3	2	0.324	-0.223	2.64	phot
1	122	2	2	-0.372	-0.0778	0.947	phot
1	74	2	4	-1.63	3.41	0.777	phot
1	122	2	2	-0.0258	-0.815	0.385	phot
1	62.9	4	1	4.28	-4.81	2.15	phot
1	123	3	2	0.0974	-0.591	0.809	phot
1	126	3	3	0.596	0.707	1.48	phot
1	121	2	2	-0.344	-0.46	3.54	phot
1	125	2	3	-0.867	0.221	1.12	phot
1	118	2	2	-0.61	-0.55	0.0281	phot
1	119	2	2	-0.282	-0.897	0.0694	phot
1	118	3	3	0.273	0.134	1.33	phot
1	122	2	2	-0.0122	-0.0299	0.966	phot
2	5.05	1	3	-3.66	2.41	0.283	compt
2	101	2	3	-1.6	1.21	1.35	phot
1	122	3	2	0.0653	-0.258	1.25	phot
1	128	2	2	-0.757	-0.796	3.06	phot
1	125	3	3	0.315	0.727	1.8	phot
1	70.1	4	3	3.4	1.95	0.9	phot
1	122	3	2	0.746	-0.846	0.169	phot
1	121	3	2	0.08	-0.772	1.21	phot
1	35.8	2	3	-0.814	0.595	0.993	compt
1	58.3	1	4	-4.92	4.8	4.46	phot
1	121	3	3	0.325	0.237	0.31	phot
1	120	3	3	0.141	0.835	4.04	phot
1	119	2	2	-0.772	-0.569	0.0751	compt
1	38.8	1	4	-4.85	4.97	1.46	phot
1	122	3	3	0.891	0.94	3.6	phot
1	74.9	3	3	0.941	0.543	0.458	phot
1	53.3	2	4	-1.7	4.07	0.103	phot
1	66.8	3	2	0.418	-1.81	0.111	phot
1	119	2	3	-0.548	0.341	0.522	phot
1	120	3	3	0.029	0.433	1.06	phot
1	97.9	2	4	-0.588	4.69	1.98	phot
1	51.6	1	1	-4.62	-4.25	0.223	phot
1	64	3	3	1.97	0.0446	0.136	phot
1	123	3	2	0.225	-0.548	2.37	phot
1	124	2	2	-1.01	-0.215	0.744	phot
1	67.1	2	3	-1.03	1.51	0.158	phot
1	123	3	3	0.734	0.323	3.83	phot
1	123	2	2	-0.79	-0.659	0.902	phot
1	123	3	2	0.0734	-0.968	2.59	phot
1	123	3	2	0.179	-0.659	1.18	phot
1	123	2	3	-0.91	0.597	0.848	phot
1	116	3	3	0.415	0.727	1.65	phot
1	124	2	3	-0.41	0.038	0.871	phot
1	122	3	2	0.566	-0.654	0.979	phot
1	121	3	3	0.0518	0.203	2.69	phot
1	120	3	2	0.341	-0.676	1.9	phot
1	83.8	2	3	-0.0459	0.957	0.093	phot
2	46.5	3	2	0.0926	-0.596	0.532	phot
2	23.7	2	2	-0.0681	-0.705	0.313	phot
1	121	2	2	-0.95	-0.109	0.257	phot
1	118	3	3	0.657	0.712	1.2	phot
1	117	3	2	0.239	-0.314	0.0334	phot
1	125	3	2	0.465	-0.0838	0.689	phot
1	120	3	3	0.606	0.545	1.36	phot
1	117	2	3	-1.05	0.158	1.37	phot
1	75.3	3	2	0.991	-0.317	1.23	phot
1	121	2	2	-0.394	-1.52	3.46	phot
2	102	2	3	-0.0444	0.644	1.85	phot
2	24	3	3	0.0318	0.629	1.81	phot
1	120	3	3	0.248	0.113	0.625	phot
1	57.8	1	2	-4.93	-0.0628	1.11	phot
1	124	2	2	-0.38	-0.348	0.45	phot
1	128	2	3	-0.322	0.683	1.59	phot
1	124	3	3	1.2	0.412	2	phot
1	127	2	2	-0.298	-0.454	0.838	phot
1	49.8	4	4	3.42	3.62	0.257	phot
1	120	2	3	-0.466	0.693	1.07	phot
2	76.2	4	4	3.9	2.54	1.42	phot
2	23.4	4	3	3.96	2.23	1.49	phot
1	119	2	3	-0.349	0.984	2.48	phot
1	121	2	2	-0.648	-0.0869	0.0786	phot
1	93.3	3	3	1.27	1.25	1.25	phot
1	122	2	2	-0.255	-0.959	0.181	phot
1	121	3	2	0.518	-0.95	3.5	phot
1	71.4	3	4	0.761	3.59	0.237	phot
1	124	3	3	0.477	0.077	1.68	phot
1	126	2	3	-0.184	0.194	4.19	phot
1	81.9	3	1	1.88	-4.49	0.499	phot
1	124	2	2	-0.987	-0.117	1.17	phot
1	122	3	3	0.543	0.0594	2.41	phot
2	99.1	3	2	0.12	-1.12	1.14	phot
2	23	2	2	-0.0337	-0.953	1.31	phot
1	89.2	4	3	4.93	1.64	4.84	phot
1	124	2	2	-0.292	-0.924	1.07	phot
1	123	3	3	1.12	0.172	1.59	phot
1	55.1	1	2	-4.54	-1.52	0.662	phot
1	124	2	2	-0.773	-0.837	1.05	phot
1	123	2	3	-0.787	0.0147	0.725	phot
1	89.4	1	4	-4.84	4.66	0.639	phot
1	121	2	2	-0.302	-1.12	0.107	phot
1	119	2	3	-0.0585	0.247	0.797	phot
1	47.7	3	2	1.31	-1.7	0.07	phot
1	99	3	4	0.746	2.64	1.58	compt
1	121	2	3	-0.401	0.255	2.98	phot
1	122	3	2	0.881	-0.587	1.07	phot
2	127	3	2	0.0479	-0.16	0.966	phot
2	1.13	2	2	-0.00494	-0.203	0.922	compt
1	119	3	3	1.11	0.126	2.17	compt
1	70.9	1	3	-2.65	0.412	1.56	phot
1	70.9	1	4	-4.97	3.38	4.25	phot
1	120	3	2	1.39	-0.289	4.63	phot
1	123	2	3	-0.0935	0.374	3.41	phot
1	119	3	3	0.686	0.447	0.474	phot
1	123	3	2	0.718	-0.595	4.53	phot
1	125	3	3	0.392	0.514	1.51	phot
1	126	2	2	-0.0585	-0.725	2.33	phot
1	122	2	2	-1.37	-0.242	3.04	phot
1	124	3	3	0.547	0.327	0.224	phot
1	124	3	3	0.675	0.369	2.5	phot
1	124	3	3	0.0247	0.487	0.148	phot
1	59.8	1	2	-3.18	-0.876	0.451	phot
1	123	3	3	0.21	0.0137	0.581	phot
1	122	2	2	-0.639	-0.98	0.357	phot
1	120	3	3	0.181	0.136	0.429	phot
1	115	1	1	-3.81	-4.16	0.69	phot
1	123	3	2	0.54	-0.109	0.56	phot
1	124	3	3	0.147	0.541	3.56	phot
1	121	3	2	0.552	-0.825	0.116	phot
1	125	2	3	-0.135	0.87	0.105	phot
1	118	3	3	0.258	0.934	0.456	phot
2	33.9	2	2	-0.489	-0.00498	0.775	compt
2	84.3	2	3	-0.398	0.0222	0.755	phot
1	120	3	2	0.602	-0.934	1.77	phot
1	123	2	3	-0.635	0.289	2.27	phot
1	121	3	2	0.561	-0.603	0.287	phot
1	121	2	2	-0.529	-0.316	0.455	phot
1	121	3	3	1.18	0.41	1.05	phot
1	62.2	4	2	4.47	-0.832	0.43	phot
1	121	3	2	0.775	-1.16	4.45	phot
1	124	3	2	0.723	-0.696	0.587	phot
1	125	2	3	-0.94	0.0133	1.39	phot
1	119	3	3	0.372	0.999	1.48	phot
1	124	2	3	-0.242	0.305	0.4	phot
1	123	3	3	0.381	0.105	1.71	phot
1	120	3	2	0.298	-0.00156	2.31	compt
1	121	2	2	-0.665	-0.761	4.57	phot
1	71.4	1	2	-4.32	-2.09	2.61	phot
1	76.8	2	2	-0.316	-0.282	0.257	phot
1	123	2	3	-0.459	0.201	0.501	phot
1	62.4	1	3	-2.97	2.27	0.121	phot
2	102	3	2	0.154	-0.474	0.0258	phot
2	25	2	2	-0.0883	-0.296	0.103	phot
1	120	3	2	0.271	-0.967	0.834	phot
1	119	3	3	1.05	0.296	0.315	phot
1	119	2	3	-1.15	0.261	1.26	phot
1	65.9	1	4	-4.97	4.83	2.27	phot
1	120	3	3	0.422	0.0202	3.65	phot
1	123	3	2	0.146	-0.32	0.00978	phot
1	120	3	2	0.774	-0.621	1.38	phot
2	99.8	2	2	-0.365	-0.116	1.14	phot
2	23.4	2	3	-0.589	0.0841	1.27	phot
2	100	2	3	-0.0677	1.1	1.14	phot
2	23.6	3	3	0.0832	0.953	1.13	phot
1	122	3	2	0.66	-0.72	0.73	compt
1	127	2	2	-0.644	-0.589	1.8	phot
1	121	2	3	-1.04	0.0563	0.946	phot
1	60.4	4	2	3.21	-0.663	0.0802	phot
1	125	2	3	-0.264	0.228	2.15	phot
1	121	3	2	0.726	-0.534	0.911	phot
1	123	2	3	-0.523	0.454	1.45	phot
1	123	2	3	-0.335	0.731	1.11	phot
1	120	2	2	-0.478	-0.31	1.36	phot
1	122	2	3	-0.665	0.476	1.51	compt
2	5.77	3	2	0.17	-0.0567	1.04	compt
2	118	2	2	-0.734	-0.497	2.36	phot
1	122	3	2	0.219	-1.22	0.137	phot
1	125	3	2	0.48	-0.419	1.12	phot
1	118	3	3	0.243	0.751	0.088	phot
1	126	3	3	0.203	0.696	0.687	phot
1	119	3	2	0.868	-0.442	2.16	compt
1	123	2	2	-0.477	-0.131	0.29	phot
1	125	2	3	-0.88	0.905	3.05	compt
2	15.7	3	2	0.765	-0.151	1.05	compt
2	106	3	1	1.29	-3.12	2.24	phot
1	119	3	3	0.433	0.752	0.754	phot
2	84.9	3	3	1.01	0.00527	4.54	phot
2	42.7	3	2	1.01	-0.00225	4.55	eIoni
1	121	2	2	-0.796	-0.697	0.0851	phot
1	124	3	3	0.0888	0.181	0.589	phot
1	120	3	2	0.154	-1.08	1.2	phot
1	120	2	3	-0.801	0.423	1.19	phot
2	102	2	3	-0.354	0.0068	3.06	phot
2	23.5	2	2	-0.333	-0.0793	3.03	phot
1	122	3	3	0.0554	0.426	0.305	phot
1	124	3	3	0.406	0.786	1.19	phot
1	123	3	3	0.703	0.161	3.57	phot
1	61.8	3	2	0.163	-0.242	0.105	phot
1	121	3	3	0.571	0.871	2.68	phot
2	102	3	3	0.148	0.246	1.01	phot
2	23.1	2	3	-0.137	0.0818	1.12	phot
1	125	2	2	-0.962	-0.0806	0.938	phot
1	68.8	3	2	2.34	-0.787	0.208	phot
1	122	3	2	0.467	-0.512	0.644	phot
1	123	3	3	0.888	0.396	0.11	phot
1	32.5	4	4	4.06	4.93	0.82	phot
1	127	2	2	-0.408	-0.0776	1.16	phot
1	123	3	3	0.129	1.13	0.0976	phot
1	122	3	2	0.411	-0.756	3.66	phot
1	125	2	2	-0.549	-0.828	0.891	phot
1	121	3	2	0.255	-1.23	0.0184	phot
2	4.14	3	2	0.00782	-0.134	0.406	compt
2	117	3	3	0.41	1.28	2.56	compt
1	84.5	1	1	-3.95	-4.76	2.79	phot
1	123	3	3	0.475	0.0913	0.876	phot
1	31.8	1	1	-3.24	-4.98	4.73	phot
1	121	3	3	0.281	0.676	1.77	phot
1	127	2	3	-0.661	0.35	1.29	phot
1	122	2	3	-0.127	0.387	2.53	phot
1	56.3	4	4	4.91	4.45	4.81	phot
1	122	3	2	0.493	-0.92	0.211	phot
1	125	3	2	0.0487	-1.46	3.38	phot
1	119	3	3	0.53	0.25	3.96	phot
1	124	3	2	1.08	-0.225	1.57	phot
1	125	3	2	1.3	-0.0113	1.05	compt
1	121	2	2	-0.946	-0.655	3.91	compt
1	124	2	2	-0.64	-0.59	0.555	phot
1	122	2	2	-0.961	-0.354	3.15	phot
1	122	3	2	0.658	-0.3	1.07	phot
1	119	2	2	-1.16	-0.499	0.953	phot
1	125	2	2	-0.556	-0.523	0.407	phot
1	121	2	2	-0.576	-0.434	3.98	phot
1	120	2	3	-0.0596	0.774	2.51	compt
1	9.56	3	2	0.3	-0.109	5	compt
1	118	3	2	0.676	-0.741	0.362	phot
1	122	3	2	0.657	-0.481	0.978	phot
1	119	3	2	0.296	-0.527	0.708	phot
1	101	2	2	-0.0463	-0.585	0.0335	phot
2	91.9	3	3	0.638	0.0273	0.878	phot
2	26.9	3	2	0.659	-0.0161	0.798	phot
1	114	2	3	-1.13	0.302	1.01	phot
1	124	2	3	-0.118	0.677	0.564	phot
1	74.7	3	2	0.117	-1.29	0.493	phot
1	121	2	2	-0.0914	-0.446	0.747	phot
1	66.6	4	1	4.8	-3.91	0.0867	phot
1	118	2	3	-0.872	0.347	0.233	phot
1	119	2	3	-0.662	0.145	2.36	phot
1	120	3	3	0.87	0.432	1.91	phot
1	125	3	2	0.208	-1.28	0.706	phot
2	100	3	3	0.0318	0.0372	1.66	phot
2	23.1	2	2	-0.129	-0.16	1.87	phot
1	59.1	1	3	-4.9	0.877	0.0748	phot
1	124	3	3	0.336	0.292	2.1	phot
1	119	2	2	-0.0543	-0.69	0.666	phot
1	121	2	2	-0.715	-1	2.16	phot
1	119	3	3	0.298	0.359	2.39	phot
1	124	2	2	-0.364	-0.812	0.304	phot
1	60.7	3	3	0.648	0.206	0.737	phot
1	123	2	3	-0.626	0.329	3.3	phot
2	91.5	3	2	1.08	-0.0208	3.31	phot
2	26.5	3	3	0.94	0.108	3.43	phot
1	126	2	2	-0.179	-0.371	2.15	phot
2	37.6	2	2	-0.0845	-0.927	2.87	compt
2	85.6	3	2	0.448	-1.39	1.47	phot
1	125	2	2	-0.711	-0.675	1.64	phot
1	76.4	2	3	-2.4	1.11	0.0658	phot
1	120	3	2	0.191	-0.898	0.35	phot
1	56.2	4	4	4.06	4.64	0.00637	phot
1	122	3	2	0.439	-0.557	1.66	phot
2	29.7	3	2	0.137	-0.749	0.838	compt
2	94.6	2	2	-0.0246	-1.03	0.948	phot
1	121	3	3	0.121	0.151	0.647	phot
1	124	3	2	0.367	-0.515	2.4	phot
1	123	2	2	-0.427	-0.311	1.04	phot
1	117	2	3	-0.71	0.157	1.32	phot
1	124	2	3	-0.533	0.264	0.442	phot
1	118	3	2	0.269	-0.733	2.09	compt
1	123	3	3	0.168	0.397	3.64	compt
1	123	2	3	-1.2	0.325	0.449	phot
1	120	3	3	0.525	0.427	0.176	phot
1	128	2	2	-0.276	-0.539	0.425	phot
1	121	2	2	-0.269	-0.41	0.615	phot
1	122	2	3	-0.841	0.362	0.968	phot
1	127	2	3	-0.0539	0.143	1.41	phot
1	122	3	3	0.27	0.536	0.578	phot
1	121	2	3	-0.164	0.142	2.89	phot
1	46.6	4	1	2.92	-4.89	3.64	phot
1	123	3	3	1.06	0.267	4.7	phot
1	125	2	3	-0.318	0.85	2.58	phot
1	121	2	3	-0.357	0.27	2	phot
1	120	2	2	-0.21	-0.775	1.45	phot
1	125	2	3	-0.381	0.382	0.355	phot
1	125	3	2	0.0167	-0.98	3.95	phot
1	122	2	2	-0.594	-0.0443	0.313	phot
1	124	3	3	0.233	0.418	0.205	phot
1	122	2	2	-0.824	-0.0741	4.1	phot
1	94.7	4	1	5	-2.57	0.739	phot
1	120	2	3	-0.532	0.0666	0.202	phot
1	121	2	2	-0.689	-0.824	1.1	phot
1	70.7	2	3	-0.794	1.59	0.183	phot
2	28.7	3	2	0.705	-0.0212	2.84	compt
2	94.3	3	3	0.0999	0.017	3.06	phot
1	43.3	2	1	-2.36	-3.82	0.109	phot
1	97.9	1	1	-2.98	-4.46	0.222	phot
1	102	2	2	-0.765	-0.33	0.124	phot
1	124	2	2	-0.115	-0.108	2.78	phot
1	125	2	3	-0.173	0.455	0.183	compt
1	126	2	2	-0.952	-0.213	0.214	phot
1	119	2	3	-0.147	0.791	0.31	phot
1	95.6	2	3	-0.315	0.285	0.191	phot
2	35.7	2	2	-1.33	-0.455	4.64	compt
2	87.6	2	3	-1.27	1.58	3.71	phot
1	122	3	3	0.788	0.752	1.08	phot
2	95	2	3	-0.839	0.244	2.36	compt
2	27.4	2	2	-0.641	-0.00115	2.58	compt
1	119	3	3	1.21	0.0182	0.0868	phot
1	122	3	2	0.544	-0.339	3.16	phot
1	119	3	2	0.304	-0.834	0.861	phot
1	125	2	2	-0.05	-0.784	0.369	phot
1	122	3	2	0.409	-0.338	3.26	phot
1	70.8	2	1	-0.765	-4.04	0.161	phot
1	122	2	2	-0.895	-0.683	1.58	phot
1	122	2	3	-0.629	0.153	3.5	phot
1	122	3	2	0.703	-0.652	4.42	phot
1	122	3	2	0.597	-0.12	1.35	phot
1	93.9	4	1	2.57	-4.98	0.843	phot
1	69.9	2	3	-0.735	1.28	0.681	phot
1	120	3	3	0.559	0.0771	0.849	phot
1	120	2	2	-0.803	-0.291	1.53	phot
1	122	3	2	0.811	-0.524	0.216	phot
1	126	2	2	-1.05	-0.743	0.987	phot
1	119	3	2	0.673	-0.493	0.65	phot
1	121	3	2	0.514	-0.799	0.25	phot
1	122	3	2	0.803	-0.509	2.22	compt
1	126	2	3	-0.865	1.07	2.75	phot
1	67.6	4	4	4.9	4.6	1.65	phot
1	123	2	2	-0.128	-0.0597	3.56	phot
1	82	1	4	-4.17	4.37	0.639	phot
1	119	2	3	-0.152	0.78	3.39	phot
1	121	3	2	0.468	-0.194	0.523	phot
1	124	2	3	-0.462	0.707	0.972	phot
1	122	2	2	-0.331	-0.207	0.979	phot
1	122	2	3	-0.139	0.204	0.554	phot
1	66.9	4	1	3.51	-4.93	3.17	phot
1	22.8	4	4	3.14	4.98	1.3	phot
1	124	2	4	-1.27	2.6	3.08	phot
1	123	2	3	-0.572	0.621	2.26	phot
1	123	2	3	-0.341	0.566	0.959	phot
1	119	3	2	0.952	-0.754	2.31	compt
1	98.3	2	3	-0.656	0.0327	0.194	phot
1	123	3	2	0.916	-0.12	1.36	phot
1	126	3	3	0.127	1.18	4.2	phot
1	125	2	3	-0.726	0.302	0.725	compt
1	121	3	2	0.313	-0.313	2.02	phot
1	125	3	2	1.1	-0.496	1.54	phot
1	125	2	2	-0.102	-0.761	1.63	phot
1	123	3	3	0.481	0.277	0.184	phot
1	123	3	2	0.879	-0.788	0.397	phot
2	99.4	2	2	-0.266	-0.744	0.918	phot
2	22	3	2	0.0644	-0.105	0.436	phot
1	127	2	1	-0.0584	-2.58	1.18	phot
1	120	3	3	0.663	0.24	3.64	phot
1	120	2	2	-0.96	-0.777	0.741	phot
1	124	2	3	-0.458	0.385	0.462	phot
1	79	4	3	4.78	1.91	4.83	phot
1	119	3	2	1.04	-0.193	1.35	phot
1	125	2	3	-0.66	0.366	3.95	phot
1	120	2	2	-0.876	-0.393	0.271	phot
1	122	3	3	0.288	0.811	2.63	phot
1	122	3	2	0.705	-0.0762	1.73	phot
1	120	3	3	0.327	0.738	0.858	phot
1	123	2	3	-0.357	0.586	0.744	phot
1	124	2	3	-0.853	0.222	0.619	phot
1	120	3	2	0.174	-0.77	2.94	phot
1	116	3	3	0.0572	0.146	0.161	phot
1	74.8	3	2	2.39	-1.13	0.29	phot
1	118	2	2	-0.0127	-0.891	1.31	phot
1	67.6	4	4	2.89	2.6	0.122	phot
1	123	3	3	0.124	0.25	0.419	phot
1	124	3	2	0.694	-1.35	2.7	phot
1	124	3	2	0.115	-0.823	2.33	phot
1	124	3	2	0.105	-0.427	1.46	phot
1	121	3	2	0.282	-1.1	0.129	phot
1	121	3	2	0.387	-0.294	0.165	phot
2	94.5	3	3	1.05	0.0495	1.06	phot
2	23.2	3	2	1.37	-0.106	0.883	phot
1	75.7	2	4	-2.05	3.98	0.0469	phot
1	123	2	2	-0.866	-1.25	1.57	phot
1	124	3	3	0.451	0.331	1.12	phot
1	123	3	2	0.363	-0.752	1.18	phot
2	10.7	2	2	-0.1	-0.581	0.109	compt
2	111	3	3	0.55	0.585	0.481	phot
1	119	3	2	0.475	-0.348	0.592	phot
1	120	2	3	-0.346	0.702	1.35	phot
1	119	2	2	-1.08	-0.41	2.75	phot
1	120	3	3	0.716	0.441	0.477	phot
1	126	3	2	0.353	-0.591	0.505	phot
1	121	2	3	-0.275	0.328	0.136	phot
1	122	2	2	-0.829	-0.533	0.33	phot
1	26.2	4	2	4.03	-1.25	0.0131	phot
1	123	3	3	0.589	0.239	0.385	phot
1	105	3	2	2.1	-0.185	0.836	phot
1	123	3	2	0.395	-0.0705	1.44	phot
1	125	2	3	-0.925	0.511	0.824	phot
1	122	2	3	-0.157	0.311	1.37	phot
2	20.7	2	2	-0.315	-0.382	0.0893	compt
2	96.8	2	1	-2.02	-3.17	0.175	phot
1	124	2	3	-0.5	0.334	1.26	phot
1	127	3	3	0.363	0.244	1.49	compt
1	117	2	2	-0.0396	-0.307	1.06	phot
1	121	3	3	0.891	0.244	2.68	compt
1	122	3	2	1.31	-0.338	3.94	phot
1	110	1	2	-3.12	-2.39	1.58	phot
1	126	2	3	-0.46	0.992	3.44	phot
1	125	3	3	0.48	0.414	1.87	phot
1	125	2	3	-0.624	0.466	0.293	phot
1	119	2	2	-0.933	-0.827	0.821	phot
1	123	2	3	-0.0322	0.358	4.17	phot
1	119	3	2	0.447	-0.252	0.389	phot
1	66.3	4	4	2.87	3.95	0.171	phot
1	118	2	2	-0.434	-1	0.375	phot
1	122	3	2	0.731	-0.173	0.167	phot
1	124	2	3	-0.5	0.877	1.31	phot
1	119	2	2	-0.418	-0.0898	2.79	phot
1	123	2	3	-0.159	0.0543	4.47	phot
1	121	2	3	-0.176	0.382	0.587	phot
1	118	3	3	0.738	0.923	2.29	compt
1	79.4	4	3	4.66	1.55	0.226	phot
1	121	2	3	-1.16	0.136	0.927	phot
2	21.8	2	2	-0.14	-0.366	1.32	compt
2	101	3	3	1.16	0.903	1.54	phot
1	121	3	2	0.358	-0.654	0.43	phot
1	69.7	3	4	2.06	4.5	0.324	phot
1	119	2	3	-0.528	0.885	3.36	phot
1	121	2	2	-1.06	-0.123	2.74	phot
1	123	3	3	0.391	0.445	0.461	phot
1	122	2	3	-0.535	0.344	0.91	phot
1	71.9	2	3	-0.191	0.452	1.09	phot
1	123	2	2	-0.865	-0.526	1.7	phot
1	121	3	3	0.389	0.938	0.746	phot
1	124	2	2	-0.0493	-0.581	1.6	phot
1	56.9	4	3	4.98	1.33	1.84	phot
1	119	2	3	-0.481	0.2	1.31	phot
1	122	3	2	0.584	-0.0972	2.76	phot
1	122	3	2	0.096	-0.168	0.712	phot
1	120	2	2	-0.684	-0.456	1.62	phot
1	123	3	3	0.0112	0.0531	4.03	phot
1	122	3	3	0.579	0.607	1.74	phot
1	125	2	2	-0.54	-0.538	0.26	phot
1	63.4	4	4	3.12	2.69	0.268	phot
1	102	3	3	0.229	1.47	1.5	phot
1	122	2	2	-0.942	-0.693	0.204	phot
1	123	2	2	-0.697	-0.266	1.48	phot
1	123	3	2	0.42	-0.195	2.4	phot
1	18.8	1	2	-5	-1.19	2.8	phot
1	123	3	2	0.992	-0.601	2.33	compt
1	91	1	4	-4.91	4.35	0.455	phot
1	121	2	3	-0.433	0.0713	1.03	compt
1	123	2	3	-1.35	0.143	3.59	compt
1	121	2	2	-0.218	-0.829	4.57	phot
1	116	2	3	-0.601	0.693	0.754	phot
1	124	3	2	0.534	-0.364	0.43	phot
1	121	2	3	-0.15	0.324	1.52	phot
1	122	3	3	0.324	0.51	0.976	phot
2	98.3	2	2	-0.0243	-0.00681	1.29	phot
2	24	3	3	0.158	0.00289	1.27	phot
1	69.9	4	4	3.92	4.81	0.512	phot
1	123	2	3	-0.497	0.088	1.1	compt
1	127	2	2	-0.109	-0.931	0.398	phot
1	63.6	4	1	3	-4.89	3.58	phot
1	124	3	3	0.709	0.732	0.386	phot
1	121	3	2	0.597	-0.176	3.24	phot
1	125	2	2	-0.426	-0.525	0.684	phot
1	119	2	2	-0.00762	-0.548	0.489	phot
1	120	3	2	0.591	-0.0755	0.495	phot
1	119	2	3	-0.171	0.632	0.551	phot
1	70.9	3	3	0.848	1.14	0.28	phot
1	120	2	2	-0.436	-0.854	1.17	phot
1	116	2	2	-1.04	-0.461	4.19	phot
1	94.8	3	2	0.141	-0.252	0.248	phot
1	76.2	2	4	-1.11	4.56	1.1	phot
1	123	2	2	-0.471	-0.422	1.19	phot
1	124	3	2	0.661	-0.493	0.0716	phot
1	119	2	3	-0.451	0.238	0.819	phot
1	120	2	3	-0.358	0.613	2.15	compt
1	1.81	2	3	-0.195	0.346	2.05	compt
1	124	2	3	-0.0275	0.19	0.114	phot
1	122	2	3	-0.83	0.0726	3	phot
1	121	2	2	-0.52	-0.696	0.461	phot
1	126	2	3	-0.701	0.614	0.513	phot
1	121	3	3	0.0893	0.995	0.748	phot
1	122	2	3	-0.369	1.05	0.518	phot
2	16	2	3	-0.273	0.489	2.57	compt
2	108	3	3	0.215	0.591	2.79	phot
1	121	3	2	0.444	-0.427	2.02	phot
2	27.3	3	2	0.0602	-0.542	0.265	compt
2	91.4	2	2	-0.0108	-0.593	0.277	phot
1	123	2	3	-0.154	0.742	0.0987	phot
1	124	3	3	0.254	0.939	0.775	phot
1	122	3	2	0.398	-0.0585	1.6	phot
1	79.3	2	4	-2.2	4.04	0.00748	phot
1	122	3	3	0.703	0.438	0.493	phot
1	123	3	3	0.703	0.783	0.719	phot
1	125	3	3	0.163	0.432	0.348	phot
1	54.3	4	2	4.62	-2.48	0.84	phot
1	122	2	3	-0.896	0.544	0.497	phot
1	122	3	3	0.299	0.025	0.176	phot
1	122	3	2	0.464	-0.872	1.4	phot
1	83	1	2	-2.82	-1.05	0.286	phot
1	120	3	2	0.407	-0.359	1.06	phot
2	22.8	3	3	0.4	0.538	1.27	compt
2	103	2	3	-1.13	0.546	1.39	phot
2	93.8	2	2	-0.277	-0.288	0.787	phot
2	32.7	2	3	-0.28	0.00838	0.687	phot
1	127	2	2	-0.812	-0.139	3.74	phot
1	122	2	3	-0.409	0.337	2.45	phot
1	122	2	2	-0.255	-0.514	0.546	phot
1	118	3	3	0.102	0.644	1	phot
1	81.3	1	2	-3.99	-2.28	0.298	phot
1	121	3	2	0.941	-0.162	0.301	phot
1	119	3	2	1.1	-0.253	2.22	phot
1	88.7	1	4	-2.92	2.94	0.694	phot
1	121	3	2	0.446	-0.198	0.707	phot
1	12.6	2	3	-1.4	0.183	4.66	compt
2	95.3	2	3	-0.973	0.148	0.0397	phot
2	27.6	2	2	-1.01	-0.0208	0.217	phot
1	123	3	3	0.228	0.0192	0.333	phot
1	124	2	2	-0.22	-1	1.03	phot
1	122	3	2	0.163	-0.343	0.86	phot
1	69.1	1	3	-3.64	1.4	0.261	phot
1	124	3	3	0.0531	0.428	0.801	phot
1	121	2	2	-0.21	-1.18	1.54	phot
1	33.2	2	2	-0.74	-0.894	0.251	compt
1	119	2	3	-0.151	1.17	0.131	phot
1	125	2	3	-0.824	0.832	2.42	phot
1	36.6	3	1	0.123	-4.35	0.0571	phot
2	14.8	3	2	0.17	-0.238	3.06	compt
2	106	2	2	-0.66	-0.308	3.46	phot
1	124	3	3	0.504	1.3	2.96	phot
1	124	2	3	-0.0713	0.919	0.294	phot
1	125	2	3	-0.137	0.864	0.107	phot
1	106	3	1	0.994	-3.31	0.934	phot
1	125	2	3	-0.265	0.7	3.49	phot
3	93.2	3	3	0.111	0.00841	0.682	phot
3	4.38	3	2	0.00436	-0.0865	0.63	phot
3	22.8	2	2	-0.0735	-0.118	0.574	phot
1	121	2	2	-0.388	-0.251	2.94	phot
1	124	3	3	0.0388	0.738	0.505	phot
1	121	3	3	0.675	0.359	0.244	compt
1	71.9	2	4	-2.3	3.71	0.725	phot
1	8.19	2	2	-0.361	-0.965	2.11	compt
1	122	3	2	0.445	-0.0148	2.1	phot
1	119	3	2	0.413	-0.311	0.418	phot
1	123	3	3	0.0724	0.941	2.25	phot
1	125	2	2	-0.289	-0.376	4.2	phot
1	121	3	2	0.941	-0.0277	0.431	phot
1	124	2	3	-0.482	0.964	2.89	phot
1	120	2	3	-0.895	0.123	1.04	phot
1	124	3	2	0.269	-0.475	0.439	phot
2	46.1	2	3	-2.48	1.36	0.92	phot
2	24.8	1	3	-2.6	1.25	0.814	phot
1	124	2	3	-0.201	1.02	1.04	phot
2	95.9	3	2	0.006	-0.326	0.327	phot
2	23	2	2	-0.0434	-0.309	0.375	phot
1	121	3	2	0.898	-0.209	1.19	phot
1	120	2	3	-0.518	0.676	2.19	phot
1	117	3	2	0.957	-0.0849	3	phot
1	124	3	2	0.0942	-0.405	1.13	phot
1	122	2	3	-0.07	0.638	1.89	phot
1	122	2	2	-0.371	-0.192	1.1	phot
2	14.1	2	2	-0.0304	-0.118	2.1	compt
2	111	3	3	0.674	0.383	2.59	phot
1	93.1	3	1	0.27	-4.54	0.888	phot
1	126	3	2	0.192	-0.406	1.36	phot
1	119	2	2	-1.03	-0.298	0.188	phot
1	89.5	2	2	-0.815	-0.029	0.204	phot
2	21	2	2	-0.399	-0.591	0.199	compt
2	101	3	3	0.425	1.1	0.547	phot
2	99.9	3	2	0.0456	-0.0732	3.05	phot
2	22.1	2	2	-0.0419	-0.0136	3.02	phot
1	123	2	3	-0.382	0.207	0.988	compt
1	126	2	3	-0.744	0.0983	1.78	phot
1	122	3	3	0.269	1.07	0.876	phot
1	124	3	3	0.905	0.548	0.177	phot
1	120	3	2	0.821	-0.466	4.01	phot
2	22	3	3	0.464	0.642	3.06	compt
2	101	2	3	-0.412	0.725	3.23	phot
1	121	3	3	0.599	0.677	3.55	phot
1	126	2	3	-0.798	0.218	3.01	phot
1	123	2	2	-0.783	-0.152	2.03	phot
1	122	2	2	-0.818	-0.738	4	phot
1	123	3	3	0.326	0.929	2.02	compt
1	123	2	2	-0.0275	-0.215	0.218	phot
1	123	3	2	0.421	-0.211	0.485	phot
1	63.8	3	4	0.0689	4.39	0.0544	phot
1	124	3	2	0.565	-0.355	1.43	phot
1	126	3	2	0.593	-0.469	2.2	phot
1	121	3	2	0.765	-0.704	0.254	phot
1	125	2	2	-0.367	-0.836	2.86	phot
1	118	2	2	-0.00552	-0.814	1.74	compt
1	120	3	2	0.869	-0.08	2.95	phot
1	29.9	2	3	-0.136	0.294	0.179	compt
1	126	2	3	-0.752	0.56	0.219	phot
1	126	2	2	-0.216	-1.21	1.88	compt
1	82.8	2	4	-0.104	4.69	0.709	phot
1	69.4	4	2	3.05	-0.0132	0.0962	phot
1	118	2	3	-0.98	0.541	1.36	phot
1	121	2	3	-0.799	0.617	2.71	phot
1	65.5	3	1	0.085	-4.99	4.31	phot
2	21.5	3	3	0.306	0.212	0.39	compt
2	97.6	3	2	0.186	-0.0125	0.4	phot
1	25.3	3	2	0.442	-0.416	0.99	compt
1	124	2	2	-0.608	-0.62	0.845	phot
1	124	2	3	-0.387	1.07	2.21	phot
1	98.2	2	2	-0.345	-0.806	0.0296	phot
1	124	2	3	-0.886	0.492	2.82	phot
1	122	2	3	-0.242	0.0328	0.178	phot
1	125	2	2	-0.286	-0.0582	0.549	phot
2	89.5	2	2	-0.743	-0.111	0.762	phot
2	30.9	2	3	-0.716	0.0799	0.811	phot
1	123	2	3	-0.211	1.1	2.96	phot
1	122	2	3	-0.775	0.49	1.12	phot
1	125	2	2	-0.899	-0.405	0.884	phot
1	117	2	3	-0.535	0.816	2.86	phot
1	124	3	2	0.384	-0.729	0.766	phot
1	64.4	3	3	2.11	0.384	0.414	phot
1	124	3	2	0.755	-0.216	0.189	phot
1	123	2	2	-0.732	-0.563	1.34	phot
2	30.6	2	2	-0.886	-0.0181	1.66	compt
2	89.5	2	3	-0.996	0.461	1.33	phot
1	121	3	2	0.133	-1.05	2.68	compt
1	122	3	2	0.742	-0.541	1.73	phot
1	121	3	2	0.273	-0.721	1.36	phot
1	119	2	2	-0.748	-0.827	0.598	phot
1	98.2	3	2	0.101	-0.646	0.0204	phot
1	125	3	3	1.03	0.395	3.59	phot
1	122	3	2	0.54	-0.622	2.19	compt
1	121	2	2	-0.147	-0.731	0.826	phot
1	128	2	2	-0.214	-1.05	0.66	phot
1	123	2	3	-0.397	0.235	1.82	phot
2	92.2	3	3	1.17	0.122	3.31	phot
2	24.8	3	2	1.13	-0.172	3.08	phot
1	122	3	3	0.0877	0.825	0.292	phot
1	118	3	3	0.839	0.387	0.65	phot
1	120	3	3	0.8	0.358	0.767	phot
1	123	2	2	-0.438	-0.386	1.92	phot
1	123	3	3	0.0862	0.772	0.0857	phot
1	124	3	3	0.18	0.253	0.141	phot
1	122	3	3	0.902	0.354	0.0983	compt
1	94.5	2	3	-0.357	0.656	0.421	phot
1	101	4	3	4.18	0.465	0.196	phot
1	125	3	3	0.504	0.813	0.631	phot
1	120	2	2	-0.191	-0.214	1.72	phot
2	50.8	3	2	0.716	-0.0119	0.272	phot
2	26.1	3	3	0.769	0.0106	0.198	phot
1	121	2	2	-0.0203	-0.734	0.767	phot
1	87.8	2	4	-0.182	3.48	0.0782	phot
1	122	2	2	-0.552	-0.257	0.488	phot
1	106	1	4	-4.75	3.19	0.15	compt
1	121	2	3	-0.0286	0.22	1.62	phot
1	122	3	2	0.724	-0.328	0.509	phot
1	123	2	2	-0.228	-0.716	0.306	phot
1	39.1	1	2	-3.65	-1.86	0.0286	phot
2	93.2	2	3	-0.00446	0.178	2.72	phot
2	26.3	3	3	0.00783	0.199	2.66	phot
1	116	2	2	-0.336	-0.443	0.227	phot
1	122	3	2	0.625	-0.687	0.706	phot
1	120	3	2	0.343	-0.577	1.95	phot
1	122	3	2	0.361	-0.725	0.354	phot
1	119	2	3	-0.805	0.0386	2.77	phot
1	121	3	2	0.168	-1.07	0.395	phot
1	124	3	3	0.203	0.903	0.461	phot
1	121	2	2	-0.102	-0.071	0.874	phot
1	123	3	2	0.618	-0.67	1.01	compt
1	119	3	3	1.29	0.274	1.5	phot
1	121	3	2	0.678	-0.0399	3	phot
1	67.7	3	4	1.91	5	3.69	phot
1	124	3	3	0.639	0.474	1.2	phot
1	119	3	2	0.692	-1.11	2.58	phot
2	22.5	2	3	-0.303	0.788	2.96	compt
2	98	3	3	0.306	0.327	2.94	phot
2	12.5	3	2	0.323	-0.188	1.93	compt
2	110	2	2	-0.407	-0.321	2.38	phot
1	52.4	4	4	3.9	4.98	2.82	phot
1	120	3	3	0.427	0.519	0.273	phot
1	123	2	2	-0.0129	-0.841	2.63	phot
1	94	3	1	0.782	-4.45	2.06	phot
1	124	3	2	0.465	-0.292	0.218	phot
2	94.1	3	3	0.0713	1.21	1.75	phot
2	27.6	2	3	-0.0863	1.14	1.77	phot
1	124	2	3	-0.234	0.465	0.612	phot
1	99.2	2	2	-0.626	-0.265	0.105	phot
1	118	3	3	0.098	0.151	1.36	phot
1	123	2	3	-0.509	0.122	0.87	phot
2	94.3	3	3	0.151	0.0698	1.14	phot
2	27.9	2	3	-0.0289	0.132	1.23	phot
1	47.1	2	4	-2.32	4.15	0.262	phot
1	120	3	2	1.01	-0.513	0.529	phot
1	123	3	3	0.606	0.859	1.09	phot
1	124	2	2	-0.405	-0.907	0.273	phot
1	78	3	4	0.553	4.86	2.52	phot
1	120	3	3	0.216	0.347	2.82	phot
1	122	3	3	0.763	0.531	2.08	phot
2	99	2	2	-1.22	-0.103	0.736	phot
2	22.4	2	3	-1.3	0.0392	0.67	phot
1	59.9	1	4	-4.95	4.01	2.79	phot
1	6.05	2	2	-0.677	-0.57	2.53	compt
1	118	3	3	0.367	0.163	1.96	phot
1	121	3	2	0.607	-0.514	0.0236	phot
1	73.1	4	1	4.91	-3.78	4.57	phot
1	120	2	2	-1.09	-0.00629	0.864	phot
1	119	3	3	0.794	0.871	3.4	phot
1	121	3	3	0.188	0.945	1.37	phot
1	56.5	4	1	2.91	-2.8	0.152	phot
1	120	2	2	-0.195	-0.669	4.06	phot
1	121	2	2	-0.743	-0.632	0.484	phot
1	121	3	3	0.282	0.572	0.192	phot
1	126	2	3	-0.354	1.03	1.88	phot
1	120	3	3	0.413	0.544	0.0269	phot
1	125	2	2	-0.296	-0.0971	0.103	phot
1	69.8	1	3	-3.65	1.37	0.375	phot
1	123	3	2	0.6	-0.382	0.639	phot
1	123	2	2	-0.0663	-0.33	1.8	phot
1	118	2	2	-0.0988	-1.23	1.21	phot
1	123	3	2	0.0762	-0.331	1.44	phot
1	121	3	3	0.927	0.208	1.39	phot
1	127	3	3	0.522	0.341	2.23	phot
1	117	3	2	0.758	-0.508	0.22	phot
1	120	2	3	-0.0677	0.404	3.1	phot
1	125	2	3	-0.508	0.244	0.0135	phot
1	54	4	3	2.84	1.03	0.114	phot
1	76.5	4	4	4.67	3.49	2.94	phot
1	125	3	2	0.627	-0.0729	2.89	phot
1	118	3	2	0.205	-0.089	0.757	phot
1	75.4	4	4	3.43	3.63	0.0718	phot
1	121	2	2	-0.718	-1.06	0.663	phot
1	126	3	2	0.242	-0.472	0.135	phot
1	121	3	2	0.192	-0.0328	0.37	phot
1	124	2	3	-0.729	0.13	0.383	phot
1	65.9	1	4	-2.79	4.44	0.255	phot
1	92.7	4	1	4.63	-4.6	0.335	phot
1	119	2	2	-0.344	-0.169	0.981	phot
1	123	2	2	-0.0897	-0.0896	0.552	phot
1	11.7	2	2	-0.616	-0.0939	4.92	compt
1	125	3	2	0.508	-0.728	3.66	phot
2	90.6	3	2	0.525	-0.169	4.26	phot
2	30.7	3	3	0.357	0.0887	4.1	phot
1	126	3	2	0.0284	-0.912	0.188	phot
1	120	3	2	0.299	-0.798	3.54	phot
2	15.8	2	3	-0.0237	0.309	0.492	compt
2	106	3	2	1.52	-1.89	1.2	phot
1	117	2	2	-0.148	-0.063	1.6	phot
1	71.9	3	1	0.315	-4.78	1.24	phot
1	46.1	4	3	4.77	0.692	0.0982	phot
1	119	2	2	-0.468	-0.408	3.07	phot
1	118	2	2	-0.204	-0.517	0.0776	phot
1	67.4	1	3	-4.79	1.46	4.18	phot
1	100	2	1	-0.889	-4.09	0.0624	phot
1	121	2	3	-0.494	1	0.273	phot
2	29.8	3	3	0.149	1.05	0.325	compt
2	90.6	2	3	-0.109	1.35	0.158	phot
1	121	3	2	0.434	-0.29	0.463	phot
1	121	2	3	-0.362	0.599	1.23	compt
1	118	3	3	0.518	0.413	2.15	phot
1	84.8	2	4	-0.361	4.82	4.35	phot
1	120	2	2	-1.09	-0.656	4.97	phot
1	117	2	3	-0.478	0.147	1.4	phot
1	126	2	2	-0.194	-0.274	1.2	phot
2	5.87	3	2	0.345	-0.067	0.638	compt
2	116	3	3	1.75	1.15	2.63	phot
1	122	3	2	0.885	-0.0426	0.277	phot
1	124	2	2	-0.312	-0.156	0.786	phot
1	120	2	2	-0.378	-0.761	4.21	compt
1	126	2	2	-0.139	-0.433	0.00492	phot
1	120	2	2	-0.584	-1.07	1.01	phot
1	123	2	3	-0.19	0.027	0.974	phot
1	121	3	2	0.321	-0.854	4.61	phot
1	122	3	2	0.813	-0.646	4.59	phot
1	123	2	3	-0.164	0.301	0.0972	phot
1	58.8	4	2	4.73	-0.0356	0.294	phot
1	123	2	3	-0.536	0.635	0.335	phot
1	120	2	3	-0.483	0.457	0.29	phot
1	121	2	3	-0.645	0.291	0.211	phot
1	121	2	3	-0.643	0.542	2.52	phot
1	124	2	3	-0.0681	0.215	0.905	phot
1	121	3	3	0.0869	1.06	4.26	phot
2	37	3	2	0.581	-0.0152	3.35	phot
2	84.1	3	3	0.381	0.0452	3.3	phot
1	125	3	2	0.931	-0.537	2.52	phot
1	119	3	3	0.159	0.736	0.292	phot
1	118	2	2	-0.628	-0.404	1.02	phot
1	126	3	3	0.356	0.064	1.08	phot
1	120	2	3	-0.362	0.664	0.129	phot
2	32.8	2	2	-0.161	-0.203	3.09	compt
2	88.5	3	3	0.557	0.109	2.48	phot
1	65.9	4	3	2.7	1.38	0.0554	phot
1	121	2	2	-0.516	-0.422	1.39	phot
1	119	3	3	0.0419	0.736	3.32	phot
1	104	4	3	3.23	1.28	3.56	phot
1	62.5	3	3	2.27	1.4	0.393	phot
1	121	3	2	0.86	-0.0621	1.98	phot
1	119	3	3	0.765	0.71	0.387	phot
2	98.7	2	2	-0.0488	-0.766	1.12	phot
2	23.3	3	2	0.00453	-0.777	1.1	phot
1	124	2	2	-0.535	-0.932	0.159	phot
1	126	2	3	-0.218	0.545	4.41	compt
1	119	2	2	-0.738	-0.13	1.69	compt
1	92.1	2	2	-0.0895	-0.0364	0.0131	phot
1	67.4	1	4	-3.63	3.11	0.0798	phot
1	115	3	3	0.921	0.306	0.267	phot
1	46.5	4	4	4.81	3.05	1.96	phot
1	119	3	3	0.118	0.193	0.105	phot
1	124	2	3	-0.108	0.226	0.0559	phot
1	123	2	3	-0.265	0.6	3.88	phot
1	121	3	2	0.675	-0.456	1.06	phot
1	122	3	2	0.889	-0.681	2.98	phot
1	124	2	3	-0.467	0.198	0.291	phot
1	120	2	2	-0.261	-0.138	1.9	phot
1	125	3	2	0.816	-0.0804	1.58	phot
1	121	3	3	0.454	0.199	0.285	phot
1	119	2	2	-0.235	-0.386	2.91	phot
1	116	2	2	-0.491	-0.951	0.951	phot
2	98.8	3	2	0.0492	-0.21	2.33	phot
2	23.5	3	3	0.081	0.0606	2.4	phot
1	122	3	3	0.495	0.315	2.07	phot
1	121	2	3	-0.644	0.598	2.71	phot
1	71.8	3	3	1.51	0.497	0.0189	phot
1	121	3	3	0.296	0.0182	3.21	phot
2	95.8	2	2	-0.816	-0.348	0.713	phot
2	25	2	3	-0.95	0.00201	0.646	phot
1	121	2	3	-0.518	1.13	0.317	phot
1	126	3	2	0.516	-0.238	0.889	compt
1	119	3	3	0.218	0.139	3.05	phot
1	123	2	2	-0.768	-0.0705	0.371	phot
1	118	2	2	-0.725	-0.407	0.342	phot
1	123	3	3	0.766	0.301	0.686	phot
1	70.2	1	2	-2.81	-0.277	0.562	phot
1	59.3	4	1	4.95	-3.32	0.542	phot
1	122	3	3	0.749	0.616	2.7	phot
1	124	2	3	-0.482	0.309	0.84	phot
1	118	3	2	0.543	-0.182	0.447	phot
1	126	3	3	0.38	0.96	1.52	phot
1	119	3	2	0.227	-0.432	0.927	phot
1	119	2	2	-0.0807	-0.401	2.55	phot
1	123	2	3	-0.679	0.234	1.43	phot
1	66.9	4	3	3.44	0.193	0.0977	phot
1	121	3	3	0.836	0.355	0.706	phot
1	32.9	2	3	-0.187	0.657	0.338	compt
2	98.3	3	3	0.381	0.205	0.752	phot
2	24.5	3	2	0.241	-0.0514	0.864	phot
1	118	3	3	0.208	1.21	2.61	phot
1	120	2	3	-0.46	0.524	2.45	phot
1	47.4	4	4	3.81	3.53	0.0171	phot
1	122	3	2	1.08	-0.798	0.927	phot
1	63.4	1	4	-4.74	4.81	3.37	phot
1	125	2	3	-0.664	0.661	0.114	phot
1	120	2	2	-0.354	-0.0619	1.21	phot
1	124	3	3	0.91	0.0818	4.07	phot
1	126	3	3	0.572	0.0969	1.35	phot
1	124	2	2	-0.0391	-0.24	0.576	phot
1	120	2	2	-0.843	-0.65	0.748	phot
1	122	2	3	-1.18	0.399	1.41	phot
1	121	2	3	-0.701	0.227	0.0266	phot
1	124	2	3	-0.293	0.285	1.81	phot
1	118	3	2	0.17	-1.02	1.86	phot
1	117	2	2	-0.0988	-0.072	1.12	phot
1	93.7	1	3	-3.49	1.79	0.0346	phot
1	120	2	3	-0.599	0.144	1.16	phot
1	122	3	2	1.09	-0.0973	1.91	phot
1	126	3	2	0.849	-1.12	3.94	phot
1	122	3	3	0.654	0.471	4.97	phot
1	90.4	2	1	-0.772	-4.92	0.14	phot
1	120	3	3	0.841	0.216	1.14	phot
1	124	3	2	0.988	-1.02	3.47	phot
1	129	3	2	0.445	-0.736	1.12	compt
1	125	3	2	0.108	-0.0472	0.703	phot
1	123	2	2	-0.261	-0.157	0.963	phot
1	124	2	2	-0.116	-0.761	0.315	phot
3	88.3	3	3	0.00952	0.0354	1.77	phot
3	1.43	2	2	-0.000562	-0.00948	1.84	phot
3	25.8	3	2	0.0495	-0.041	1.87	phot
1	122	2	2	-0.39	-0.221	0.0391	compt
1	128	2	2	-0.304	-0.535	4.63	phot
1	121	2	2	-0.0903	-0.665	2.16	phot
2	7.92	3	2	0.783	-0.0926	1.11	compt
2	111	3	3	0.729	0.125	1.29	phot
1	122	2	2	-0.714	-0.366	1.89	phot
2	24.4	3	2	0.481	-0.145	2.07	compt
2	98.6	2	2	-0.255	-0.657	2.12	phot
1	118	2	3	-0.387	0.298	4.34	phot
1	120	3	3	0.526	0.712	1.38	phot
2	92.2	2	2	-0.00738	-0.202	1.65	phot
2	26.9	3	2	0.0563	-0.169	1.67	phot
1	126	2	3	-0.556	0.831	1.45	phot
1	120	2	3	-0.31	0.727	1.32	phot
1	125	2	3	-0.0309	0.278	1.23	phot
1	68.9	2	2	-0.129	-0.0899	0.262	phot
1	114	2	2	-0.315	-0.835	0.135	phot
1	119	2	2	-0.533	-0.673	0.996	phot
1	105	2	4	-0.834	2.97	0.293	phot
1	79.4	1	2	-3.49	-0.706	1.5	phot
1	102	4	1	4.51	-3.18	4.07	phot
1	122	2	2	-0.524	-0.495	0.724	phot
1	124	3	2	1.06	-0.212	4.91	phot
2	31.7	2	2	-0.619	-0.00115	0.265	phot
2	88.6	2	3	-0.632	0.00194	0.264	eIoni
1	121	2	3	-0.586	0.22	3.7	phot
1	122	3	2	0.0273	-0.252	0.119	phot
1	118	3	2	0.468	-0.751	0.555	phot
1	126	2	3	-0.689	0.401	0.672	phot
1	119	2	3	-0.357	0.396	0.0454	phot
2	56.6	1	1	-2.57	-4.84	0.768	phot
2	26	2	1	-2.44	-4.7	0.927	phot
1	121	2	3	-0.0233	0.904	1.64	phot
1	121	2	3	-0.909	1.25	4.31	phot
1	122	3	3	1.09	0.0329	2.62	phot
1	121	3	3	0.498	0.108	0.247	phot
2	31.6	3	2	0.204	-0.193	1.52	compt
2	91.9	2	2	-0.2	-0.441	1.2	phot
1	122	2	3	-0.357	0.417	0.796	phot
1	70.2	3	1	0.638	-2.95	0.237	phot
1	124	3	2	1.03	-0.651	0.752	phot
1	121	2	2	-1.12	-0.00554	2.65	phot
1	124	2	2	-0.531	-0.726	0.903	phot
1	116	3	3	0.0972	1.22	1.58	phot
1	123	2	2	-1.19	-0.78	4.06	phot
1	122	2	2	-0.406	-0.383	2.34	phot
1	118	3	2	0.325	-0.739	0.738	compt
1	125	2	2	-0.699	-0.326	0.363	compt
1	99.4	2	2	-0.911	-0.256	0.0317	phot
1	122	2	2	-0.242	-0.115	1.12	phot
1	121	3	2	0.00838	-0.14	0.638	phot
1	122	3	3	0.349	0.335	1.23	phot
1	123	3	3	0.784	0.956	3.85	phot
1	125	3	2	0.409	-0.552	0.965	phot
1	124	2	2	-0.0538	-0.517	1.33	phot
2	99.5	3	3	0.382	0.0104	0.101	phot
2	24.9	3	2	0.415	-0.00326	0.118	phot
1	122	3	2	0.72	-0.593	0.842	phot
1	127	3	2	0.141	-0.808	0.119	phot
1	122	2	2	-0.416	-0.328	0.647	phot
1	124	2	3	-0.431	0.748	0.612	phot
1	125	2	3	-1.14	0.846	2.83	phot
1	59	1	1	-4.92	-3.64	0.651	phot
1	127	3	2	0.635	-0.677	0.601	phot
1	80.8	4	4	4.45	3.25	0.0485	phot
1	123	2	2	-0.42	-0.926	2.02	phot
1	123	2	2	-0.727	-0.341	0.517	phot
1	124	2	2	-0.699	-0.224	0.704	phot
1	77.2	2	2	-0.863	-0.213	1.26	phot
1	121	3	2	0.618	-0.448	0.0861	phot
1	122	2	2	-0.576	-0.583	2.2	phot
1	121	2	2	-0.549	-0.0967	1.66	phot
1	121	3	2	0.546	-0.299	0.379	phot
1	120	3	3	1.29	0.417	4.54	phot
1	121	3	3	0.844	0.385	4.27	phot
1	119	2	3	-0.259	0.987	0.276	compt
1	116	2	3	-0.82	0.37	2.86	phot
1	119	2	3	-0.243	0.774	3.06	phot
1	123	2	3	-0.149	0.885	4.25	phot
3	8.03	2	3	-0.0148	0.0359	1.05	phot
3	23	2	2	-0.203	-0.233	1.13	phot
3	89.8	3	3	0.0044	0.0294	1.03	eIoni
1	124	2	2	-0.364	-0.484	1.77	phot
2	13.1	2	3	-0.293	0.314	1.85	compt
2	105	3	3	0.292	0.87	2.27	phot
1	121	2	2	-0.947	-0.695	1.18	phot
1	123	3	3	0.75	0.474	1.08	phot
1	121	2	3	-0.267	1.06	2.38	phot
1	120	3	3	0.474	0.278	2.28	phot
1	123	3	2	0.611	-0.695	1.24	phot
1	118	3	2	1.05	-0.402	0.937	phot
1	120	2	2	-0.605	-0.144	1.08	phot
1	95.3	2	1	-2.01	-4.83	0.337	phot
1	51.1	2	2	-0.588	-0.714	0.0732	phot
1	122	2	2	-0.0806	-0.509	0.0928	phot
1	123	2	3	-0.724	0.657	1.37	phot
1	122	2	2	-0.353	-0.362	1.17	phot
1	118	3	3	0.189	0.229	0.787	phot
1	127	2	3	-0.914	0.193	4.29	phot
1	124	3	3	2.05	0.942	4.72	phot
1	120	3	3	0.217	1.09	4.24	phot
1	123	3	2	0.453	-0.266	0.506	phot
1	119	3	3	1.26	0.431	1.93	phot
2	96.6	3	2	0.111	-0.876	0.881	phot
2	23.5	2	2	-0.224	-1.06	1.39	phot
1	126	2	3	-0.304	0.218	3.75	phot
2	27.8	3	2	1.1	-0.497	0.619	compt
2	98.8	4	2	3.01	-0.974	0.601	phot
1	122	3	2	0.296	-0.913	1.1	phot
1	125	3	2	0.224	-0.879	1.07	phot
1	97.7	2	3	-0.0191	0.376	0.161	phot
1	89.1	2	4	-1.49	4.08	3.11	phot
1	120	2	2	-0.121	-0.742	0.101	phot
1	124	2	2	-0.155	-0.784	2.45	phot
1	125	3	2	0.149	-0.0589	1.29	phot
1	122	2	2	-0.574	-0.113	0.572	phot
1	122	3	3	0.649	0.502	1.77	phot
1	124	3	3	0.441	0.644	0.321	phot
1	82.2	2	1	-2.12	-3.32	0.289	phot
1	123	3	3	0.705	0.321	0.714	phot
1	122	2	2	-0.0226	-0.101	1.35	phot
1	120	2	3	-0.419	0.671	0.884	phot
1	120	2	3	-0.26	1.08	3.07	phot
1	120	2	3	-0.12	0.161	0.5	phot
1	35.6	1	2	-4.7	-2.46	0.0256	phot
1	119	3	2	0.231	-0.0652	1.25	phot
1	53.9	3	4	2.41	4.81	0.208	phot
1	121	3	2	0.481	-1.27	2.85	phot
1	121	2	2	-0.192	-1.17	0.845	phot
1	60.5	4	3	4.88	1.45	0.11	phot
1	125	3	3	0.232	0.457	2.97	phot
2	32.4	3	3	0.32	0.86	3.37	compt
2	91	2	3	-1.63	0.341	2.2	compt
1	123	2	3	-0.644	0.0682	2.5	phot
1	121	3	3	0.467	0.67	1.7	phot
1	120	3	3	0.729	0.692	3.11	phot
1	119	3	3	0.391	0.189	3.5	phot
1	121	3	2	0.106	-0.376	1.07	phot
1	124	2	2	-0.542	-0.791	0.475	phot
1	65.3	2	4	-0.984	4.1	0.0412	phot
1	122	2	3	-0.512	0.436	0.0985	phot
1	123	3	2	0.364	-0.685	1.34	phot
1	119	2	2	-0.621	-0.208	1.08	phot
1	122	2	3	-1.04	0.385	0.758	phot
1	122	3	2	0.867	-0.113	1.8	phot
1	119	2	3	-0.863	0.261	1.98	phot
1	124	3	3	0.74	0.168	0.501	phot
1	47	3	1	2.36	-4.3	0.0568	phot
1	98.4	2	3	-1.5	0.703	1.24	phot
1	120	3	3	0.477	0.643	1.65	phot
1	119	2	2	-0.339	-0.597	1.33	phot
1	124	2	3	-0.666	0.121	0.231	phot
1	122	2	3	-0.86	0.336	4.84	phot
1	123	3	3	0.536	0.0473	0.588	phot
1	119	3	2	0.491	-0.504	0.55	phot
1	121	3	3	0.36	0.544	3.43	phot
1	96.1	2	3	-0.277	0.0866	0.0799	phot
1	116	2	2	-0.758	-0.318	0.214	phot
2	99.8	2	2	-0.656	-0.273	1.9	phot
2	23.8	2	3	-0.82	0.045	1.89	phot
1	126	2	2	-0.504	-0.965	2.96	phot
1	125	2	3	-0.723	0.924	2.31	phot
1	121	2	3	-0.748	0.387	0.0115	phot
1	123	2	2	-0.786	-1.06	0.833	phot
1	119	3	2	0.475	-0.179	2.14	phot
1	125	2	3	-1.05	0.224	2.33	phot
1	123	3	3	0.375	0.146	0.746	phot
1	37.6	3	3	0.666	0.368	0.265	compt
1	117	3	2	0.218	-0.439	4.26	phot
1	120	2	3	-0.773	0.317	2.79	phot
1	127	2	3	-0.365	0.355	2.53	phot
1	119	2	3	-0.868	0.899	1.32	phot
1	125	2	2	-0.308	-0.245	0.935	phot
1	120	3	3	0.309	0.981	2.25	compt
1	120	2	2	-0.39	-0.898	4.22	phot
1	121	3	3	0.765	0.232	1.53	phot
1	77.1	3	3	0.878	0.87	0.183	phot
1	121	2	2	-0.971	-0.0917	0.735	phot
2	90.3	3	2	0.549	-0.0376	1.39	compt
2	32.3	3	3	0.494	0.133	1.44	phot
2	36.3	3	3	0.251	0.702	3.41	compt
2	86.9	2	3	-0.0536	0.882	3.05	phot
1	119	2	3	-1.24	0.211	1.76	phot
1	79.6	4	2	4.88	-1.65	2.82	phot
1	121	2	3	-0.72	0.489	1.53	phot
1	116	3	3	0.0534	0.909	2.11	phot
1	96.1	4	3	3.71	2.15	1.03	phot
2	16.6	3	3	0.271	0.949	0.142	compt
2	105	2	3	-1.92	2.28	1.14	phot
1	121	3	3	0.729	0.892	0.319	phot
1	96.8	3	3	0.485	0.122	0.0448	phot
1	123	2	2	-0.46	-1.07	3.4	phot
1	75.7	3	2	0.497	-1.18	0.113	phot
1	125	2	2	-0.114	-1.07	2.82	phot
1	124	2	3	-0.47	0.547	2.08	phot
1	116	2	2	-0.489	-0.275	0.556	phot
2	12.5	2	3	-0.793	0.231	1.38	compt
2	109	2	2	-1.06	-0.0984	1.62	phot
1	122	2	3	-0.124	0.61	0.933	phot
1	122	2	2	-0.107	-0.643	0.694	phot
1	118	2	2	-0.998	-0.171	0.651	phot
1	120	2	3	-0.171	0.0536	1.02	phot
1	120	2	3	-0.398	0.0052	1.98	phot
1	125	3	3	0.101	0.48	0.815	phot
1	122	2	2	-0.227	-0.0873	4.15	phot
1	121	3	3	0.467	0.785	1.59	phot
1	121	3	2	0.0391	-0.482	2.72	phot
1	122	3	3	0.601	0.751	0.18	phot
1	123	3	3	0.675	0.811	2.03	compt
1	121	3	3	1.01	0.418	0.146	phot
1	124	2	2	-1.18	-0.601	3.09	phot
1	121	2	2	-0.324	-0.132	0.217	phot
1	69.4	4	4	4.83	4.48	0.336	phot
1	126	3	2	0.149	-0.683	0.925	phot
1	123	3	3	0.128	0.116	0.396	phot
1	122	3	2	0.825	-0.731	2.28	phot
1	124	3	3	1.16	0.0543	1.9	phot
1	122	3	3	0.338	0.671	0.302	phot
1	120	3	3	0.127	0.834	2.56	phot
1	121	3	2	0.259	-1.12	1.27	compt
1	110	3	1	1.68	-3.75	0.703	phot
1	121	3	2	0.403	-1.19	1.71	phot
1	123	3	3	0.69	0.54	1.63	phot
1	117	2	2	-0.71	-0.907	1.31	phot
1	124	2	2	-0.362	-0.322	0.874	phot
1	122	2	3	-0.234	1.08	2.85	phot
1	126	3	3	0.854	0.222	2.15	phot
1	123	2	2	-0.5	-0.365	1.58	phot
1	120	2	2	-0.738	-0.435	0.0734	phot
2	113	3	3	0.653	0.133	0.572	phot
2	9.12	3	2	0.593	-0.0209	0.524	phot
1	120	2	2	-0.495	-0.738	1.62	phot
1	121	2	3	-0.175	0.434	0.969	compt
1	123	3	2	0.515	-0.88	1.48	phot
1	39.8	3	2	0.725	-0.24	0.162	compt
1	121	3	2	0.613	-0.238	2.22	phot
1	123	3	2	0.0551	-0.423	0.402	compt
1	120	3	3	0.728	0.513	0.338	phot
1	100	3	1	2.13	-3.26	0.88	phot
1	117	3	3	0.141	0.403	1.85	phot
1	121	2	2	-0.371	-0.203	1.31	phot
1	127	2	3	-0.533	0.0877	1.23	phot
1	123	2	2	-0.734	-0.718	0.158	phot
1	122	3	2	0.222	-0.922	0.863	phot
1	121	2	2	-0.368	-0.793	4.71	phot
1	124	3	3	0.649	0.133	0.932	phot
1	98.9	2	3	-1.95	2.04	1.31	phot
1	121	3	2	0.532	-1.09	3.38	compt
1	120	3	3	0.14	1.39	3.01	phot
1	118	2	3	-0.7	0.374	0.205	phot
1	124	3	2	0.506	-0.331	0.659	phot
1	119	2	2	-0.558	-1.04	0.426	compt
1	123	2	2	-0.396	-0.519	0.433	phot
1	81	4	3	4.19	0.177	0.735	phot
1	119	3	3	0.432	0.379	0.567	phot
1	125	3	3	0.134	0.65	3.58	phot
1	124	3	2	0.0942	-0.342	0.4	phot
1	124	2	3	-0.273	0.29	0.963	phot
1	124	3	3	0.67	0.269	0.669	phot
2	32.1	2	2	-0.000331	-1.09	0.105	phot
2	91.6	3	2	0.000261	-1.09	0.0871	eIoni
1	119	3	3	0.723	0.299	1.04	phot
1	120	3	3	0.27	1.22	0.906	phot
1	128	2	3	-0.854	0.92	1.93	phot
1	71.4	2	4	-0.283	4.98	4.35	phot
1	99.7	1	3	-3.5	1.19	0.163	phot
1	120	2	2	-0.971	-0.777	0.734	phot
1	124	2	2	-0.227	-0.591	1.05	phot
1	121	2	2	-0.663	-0.353	2.67	compt
1	117	3	3	1.49	0.561	4.75	phot
1	122	3	2	0.063	-0.98	1.35	phot
1	121	2	3	-0.138	1.17	2.86	phot
2	35.7	3	2	0.405	-0.0103	1.96	phot
2	88.2	3	3	0.398	0.00254	1.97	eIoni
1	65.9	1	3	-4.34	2.34	0.062	phot
1	121	2	2	-0.87	-0.0974	0.361	phot
2	92.5	2	2	-0.62	-0.13	3.15	phot
2	31.1	2	3	-0.611	0.0199	3.51	phot
1	121	2	3	-0.577	0.273	2.91	phot
1	122	3	3	0.31	1.08	4.63	phot
1	125	2	3	-0.566	0.356	0.368	phot
1	123	2	3	-0.719	0.575	0.0221	phot
1	119	3	3	0.402	0.586	0.345	phot
1	61.7	2	2	-0.55	-1.42	0.247	phot
1	117	3	3	0.0948	0.655	1.44	phot
1	121	3	3	0.696	0.0118	3.5	phot
1	120	2	2	-0.525	-0.0259	0.781	phot
1	123	3	2	0.778	-0.731	3.38	compt
1	119	3	2	0.614	-0.106	0.802	phot
1	120	3	2	0.617	-1.12	1.07	phot
1	117	2	2	-0.797	-0.00907	1.28	phot
1	70.8	3	2	0.609	-0.191	0.257	phot
1	120	3	2	0.0433	-0.103	0.0878	phot
1	117	2	3	-0.777	0.931	0.599	phot
1	54.6	1	4	-4.82	2.52	0.139	phot
1	124	3	3	0.65	0.387	2.6	phot
1	102	4	2	4.87	-1.84	3.14	phot
1	125	2	2	-0.831	-0.394	0.37	phot
1	126	2	2	-0.348	-0.153	2.2	phot
1	124	3	3	0.567	0.646	2.05	phot
2	27.2	2	2	-0.0915	-0.492	0.17	compt
2	22.9	3	2	0.429	-0.576	0.0198	compt
1	118	2	2	-0.321	-0.866	2.85	phot
2	94.4	3	3	0.298	0.0296	0.835	phot
2	25.9	3	2	0.259	-0.149	0.916	phot
1	122	3	3	0.291	1.21	1.11	phot
1	123	2	3	-0.74	0.402	2.46	phot
1	119	3	3	0.0222	1.1	2.94	phot
1	123	2	2	-0.697	-0.922	2.48	phot
1	122	3	2	0.677	-0.443	0.102	phot
1	123	3	3	1.22	0.383	0.219	phot
1	119	2	2	-0.0584	-1.14	0.209	phot
1	121	2	3	-0.829	0.475	0.0606	phot
1	121	2	2	-0.219	-0.402	0.0181	phot
2	101	2	3	-0.7	0.00383	0.0995	phot
2	17	2	2	-0.71	-0.00109	0.0984	eIoni
1	33.7	1	1	-4.99	-4.91	3.15	phot
1	118	2	2	-0.835	-1.96	4.15	phot
2	101	2	3	-0.00617	0.946	1.4	phot
2	22.8	3	3	0.145	0.602	1.33	phot
1	89.4	1	1	-4.91	-4.3	1.46	phot
1	118	2	2	-0.264	-0.642	0.161	phot
1	121	2	2	-0.142	-0.997	3.97	phot
2	13.8	2	3	-0.278	0.442	0.223	compt
2	105	2	2	-0.651	-1.6	1.3	phot
1	121	2	3	-0.0224	0.604	0.422	compt
1	122	3	3	0.312	0.42	0.0679	phot
1	120	3	2	0.794	-0.22	0.421	phot
1	125	2	2	-0.8	-0.615	2.55	phot
1	120	2	2	-0.495	-0.186	1.29	phot
1	123	2	3	-0.442	1.19	0.337	phot
1	117	2	3	-0.686	0.942	0.713	phot
1	61.5	2	1	-1.3	-3.14	0.143	phot
1	121	3	2	0.469	-0.0368	0.705	phot
1	121	3	2	0.818	-0.276	0.096	phot
1	127	3	2	0.828	-0.295	0.795	phot
1	124	2	2	-0.152	-0.395	0.599	phot
1	127	3	3	0.0137	0.683	1.37	phot
1	116	3	2	0.842	-0.764	1.5	phot
1	88.2	2	4	-0.978	2.86	0.0381	phot
1	122	2	2	-1.07	-0.111	0.392	phot
1	123	2	3	-0.465	0.532	1.36	phot
1	125	2	2	-0.753	-0.192	1.68	phot
1	85.7	1	1	-4.1	-3.02	2.35	phot
1	123	2	2	-1	-0.797	2.4	phot
1	120	3	3	0.921	0.365	1.08	phot
1	0.791	2	2	-0.571	-0.433	0.0707	compt
1	80.7	4	3	4.96	1.09	3.43	phot
1	122	2	3	-0.402	1.05	1.02	phot
1	52.4	1	3	-2.96	2.48	0.247	phot
1	123	3	2	0.0555	-0.722	0.314	phot
1	124	3	3	0.693	0.879	0.653	phot
1	124	2	3	-0.597	0.128	2.26	phot
2	12	3	3	0.342	0.436	2.17	compt
2	104	2	3	-0.848	2.02	3.28	phot
1	121	2	3	-0.216	0.359	1.93	phot
1	122	2	2	-0.153	-1.04	1.58	phot
1	124	3	2	0.535	-0.847	0.419	phot
1	121	2	2	-0.288	-0.511	1.22	phot
1	120	2	3	-0.0989	0.682	0.375	phot
1	121	3	2	0.541	-0.182	0.994	phot
1	118	2	2	-0.836	-0.78	2.53	phot
1	87.5	1	4	-2.58	4.78	0.551	phot
1	123	3	2	0.623	-0.366	0.918	phot
1	122	3	2	0.652	-0.785	0.117	phot
1	120	3	3	0.552	0.373	0.902	phot
1	122	2	3	-0.597	1.07	0.805	phot
1	96.8	3	2	1.45	-1.63	4.54	phot
1	123	3	3	0.273	0.122	0.281	phot
1	121	3	2	0.374	-0.601	0.267	phot
1	120	2	3	-0.113	1.17	3.1	phot
1	128	3	3	0.599	0.468	0.563	phot
1	120	2	2	-0.24	-0.421	1.48	phot
2	98.6	2	2	-0.0646	-0.0835	1.23	compt
2	22.2	3	2	0.0519	-0.814	1.01	phot
1	107	3	3	2.03	0.917	0.985	phot
1	122	3	2	0.883	-0.336	0.539	phot
1	49.8	4	4	4.84	4.97	3.61	phot
1	120	2	3	-0.0244	0.707	3.79	phot
1	123	3	2	0.76	-0.547	0.548	phot
1	121	3	3	0.433	0.517	0.353	phot
1	121	3	3	0.248	0.422	0.118	compt
2	15.2	2	3	-0.277	1	0.601	compt
2	108	2	2	-1.23	-0.894	1.72	phot
1	123	2	3	-1.39	0.241	0.848	phot
1	77.4	2	2	-1.97	-0.808	0.829	phot
1	66.5	1	2	-4.7	-1.59	1	phot
1	123	3	3	0.0219	0.85	2.17	compt
1	89.2	3	3	1.68	0.739	1.89	phot
1	108	2	4	-2.21	4.44	0.0969	phot
2	3.71	3	2	0.0102	-0.488	0.842	phot
2	122	2	2	-0.00903	-0.492	0.832	phot
1	122	2	2	-0.584	-0.862	1.43	phot
2	94	3	3	0.975	0.0223	0.63	phot
2	28.1	3	2	0.967	-0.00856	0.624	phot
1	67.8	4	3	4.61	0.729	3.74	phot
1	119	3	2	0.0424	-0.506	1.9	phot
2	100	2	2	-0.869	-0.0477	0.29	phot
2	22.7	2	3	-0.795	0.0214	0.225	phot
2	103	2	3	-0.532	0.00437	0.447	phot
2	24.3	2	2	-0.324	-0.273	0.445	phot
1	121	3	3	0.112	0.445	1.21	phot
1	122	2	2	-0.508	-0.567	0.781	phot
1	121	2	3	-0.314	1.03	2.61	phot
1	57.2	4	2	2.77	-1.63	0.22	phot
1	124	3	2	0.34	-0.718	0.117	phot
1	120	2	2	-0.606	-0.844	1.63	phot
1	122	2	3	-0.264	0.335	0.597	phot
1	121	2	2	-0.182	-1.38	4.46	phot
1	119	3	2	0.164	-0.593	1.77	phot
1	123	3	3	0.49	0.327	4.34	phot
1	122	2	3	-0.807	1.5	0.658	phot
1	123	3	3	0.717	0.201	0.172	phot
1	124	3	3	0.36	0.563	0.932	phot
1	125	2	2	-0.453	-0.635	3.82	phot
1	119	3	3	1.39	0.587	2.42	compt
1	63.7	2	4	-1.57	4.91	2.53	phot
1	122	2	3	-0.273	0.551	0.112	phot
1	121	2	2	-0.717	-0.596	2.18	phot
1	118	3	2	0.206	-0.244	0.725	phot
1	122	3	3	0.695	0.894	0.67	phot
1	122	3	3	0.688	0.484	1.95	phot
1	71.1	1	1	-3.14	-3.27	0.16	phot
1	126	2	2	-0.054	-0.786	4.12	phot
1	72.9	2	3	-0.544	1.37	1.1	phot
1	121	3	2	0.104	-0.448	1.21	compt
1	121	3	2	0.225	-0.162	0.325	phot
1	123	2	3	-0.921	0.0808	2.93	phot
1	123	2	3	-0.868	0.0435	1.13	phot
2	73.9	4	3	4.87	2.28	3.4	phot
2	23.7	4	4	4.67	2.6	3.11	phot
1	121	3	3	0.581	0.332	0.0393	phot
1	127	3	2	0.27	-0.768	0.781	phot
1	121	2	3	-0.0911	0.386	0.0532	phot
1	126	3	2	0.486	-0.943	0.579	compt
1	53.2	2	2	-1.87	-1.86	0.176	phot
2	10.8	3	3	0.373	0.0432	0.968	compt
2	111	4	3	2.7	0.765	3.14	compt
1	123	3	3	0.186	0.197	1.58	phot
2	87.8	3	3	0.667	0.0163	1.55	phot
2	28.2	3	2	0.593	-0.0191	1.46	phot
1	123	2	2	-0.0555	-0.326	2.06	phot
1	125	2	3	-0.268	0.288	2.18	phot
1	124	2	3	-0.838	0.426	1.02	phot
1	124	2	3	-0.762	0.588	0.279	phot
2	14.3	2	2	-0.343	-0.607	0.00163	phot
2	13.3	4	1	3.03	-3.99	0.000549	msc
1	55.5	4	1	4.99	-4.83	0.711	phot
2	6.76	3	3	0.0239	0.776	2.96	compt
2	113	2	3	-0.0146	0.506	3.5	compt
1	126	2	2	-0.613	-0.706	2.27	phot
1	121	3	2	0.0969	-0.643	1.67	phot
2	93.4	3	3	0.0309	1.07	1.35	phot
2	24.7	2	3	-0.0126	1.11	1.35	phot
1	121	3	2	0.761	-0.916	0.187	phot
2	92.9	3	3	0.145	0.663	2.8	phot
2	28.3	2	3	-0.0622	0.697	2.75	phot
1	122	3	3	0.408	0.88	2.86	phot
1	126	2	2	-0.833	-0.421	0.098	phot
1	121	3	3	0.603	0.551	1.39	compt
1	97.1	4	1	3.42	-2.64	0.732	phot
1	123	2	3	-0.354	0.0345	1.47	phot
2	25.9	3	2	0.00106	-0.0155	3.71	phot
2	93.6	2	3	-0.0115	0.0102	3.7	eIoni
1	124	2	2	-0.47	-0.165	4.64	phot
1	120	3	3	0.766	0.29	0.217	phot
1	123	1	2	-3.36	-0.499	2.13	compt
1	120	3	2	0.457	-0.415	4.43	phot
1	125	2	3	-0.904	0.442	4.86	phot
1	124	3	2	1.4	-0.177	2.41	phot
1	123	3	2	0.632	-0.411	2.85	phot
1	121	2	3	-0.78	0.146	0.93	phot
1	123	3	3	0.0717	0.105	1.82	phot
1	120	2	2	-0.617	-0.151	0.369	phot
1	123	2	2	-0.175	-0.335	0.22	phot
1	1.68	2	2	-0.874	-0.697	4.69	compt
1	125	2	3	-0.838	0.347	0.0697	phot
1	84.3	3	3	1.42	1.98	0.146	phot
1	122	3	3	0.492	0.296	0.791	phot
1	117	3	2	0.593	-0.103	0.451	phot
1	124	2	2	-0.167	-0.997	3.91	phot
2	5.77	3	3	1.09	1.8	0.814	compt
2	114	4	3	2.85	1.82	2.88	phot
1	29.7	1	4	-4.95	3.35	1.51	phot
1	122	3	3	0.898	0.1	0.116	phot
2	22.6	3	2	0.493	-0.00511	1.93	compt
2	101	3	3	0.657	2.07	1.79	phot
1	121	2	2	-0.359	-0.493	1.82	phot
1	121	2	3	-0.843	0.797	4.05	phot
1	121	2	3	-0.461	0.193	1.93	phot
1	123	3	3	0.302	0.774	0.243	phot
1	127	2	2	-0.233	-0.248	0.409	phot
2	27.5	3	2	0.276	-0.421	0.335	compt
2	95.1	3	3	0.554	0.12	0.23	phot
2	97.6	2	3	-0.38	0.0421	3.92	phot
2	27.8	2	2	-0.506	-0.173	3.97	phot
1	122	2	2	-0.875	-0.213	1.48	phot
1	121	3	3	0.381	0.34	0.217	phot
1	121	2	2	-0.628	-0.0819	0.472	phot
1	124	3	2	0.194	-0.374	1.94	phot
1	119	3	3	1.05	0.503	0.966	phot
1	121	2	2	-0.0281	-1.25	1.09	phot
1	120	2	3	-0.465	0.645	1.86	phot
1	120	3	2	0.333	-0.916	0.0233	phot
1	125	2	3	-0.801	0.214	1.73	phot
1	118	3	2	0.849	-0.29	2.52	phot
1	94.8	3	2	0.977	-1.46	0.502	phot
1	121	3	3	0.904	0.0354	0.471	phot
1	38.1	3	4	1.88	4.99	0.274	phot
1	72.4	3	1	0.569	-3.33	0.492	phot
1	120	3	2	0.286	-0.2	1.63	phot
1	124	2	3	-0.469	0.771	0.551	phot
1	122	3	3	0.274	0.656	0.343	phot
1	128	3	3	0.105	0.423	0.435	phot
1	121	2	3	-0.537	0.198	3.56	phot
1	122	2	3	-0.313	1.15	2.23	phot
1	57.1	1	1	-3.99	-4.99	0.383	phot
1	122	3	3	0.315	0.666	0.599	compt
2	98.7	3	3	0.384	0.0203	2.5	phot
2	22.4	3	2	0.288	-0.00687	2.48	phot
1	124	2	3	-0.813	0.314	3.38	phot
1	58.8	1	3	-3.76	1.98	1.01	phot
1	124	3	2	0.0988	-0.582	3.59	phot
2	97.7	3	2	0.651	-0.0422	1.07	phot
2	25.3	3	3	0.842	0.235	1.01	phot
1	122	2	2	-0.394	-0.78	0.568	phot
2	5.76	3	2	0.0127	-0.483	0.692	phot
2	117	2	2	-0.00515	-0.543	0.676	phot
1	122	3	2	0.541	-0.867	0.534	phot
1	127	2	2	-0.384	-0.524	0.351	phot
1	121	3	3	0.738	0.439	0.683	phot
1	119	2	3	-0.648	0.196	0.288	phot
1	74.3	4	4	3.3	3.04	0.0319	phot
1	123	2	3	-0.178	0.991	0.16	phot
1	126	3	2	0.974	-0.259	0.604	phot
1	119	2	3	-0.29	0.404	1.81	phot
1	125	3	3	0.167	0.744	2	phot
1	120	3	3	0.39	0.391	0.301	phot
2	96.3	2	3	-0.859	0.024	1.38	phot
2	26.5	2	2	-0.867	-0.0237	1.39	phot
1	124	2	2	-0.24	-0.231	1.53	compt
1	120	3	3	0.294	0.311	0.827	phot
1	124	2	3	-0.0578	0.483	0.365	phot
1	120	3	3	0.285	0.632	2.23	phot
1	124	3	3	0.182	0.7	0.123	phot
1	119	2	2	-0.89	-0.609	0.749	phot
1	122	2	3	-0.397	0.359	0.0995	phot
1	123	2	3	-0.278	0.552	0.977	phot
1	121	2	2	-0.0633	-0.0418	0.862	phot
1	57.6	1	4	-3.73	3.28	0.242	phot
1	125	3	2	0.459	-0.802	0.284	phot
1	119	2	3	-0.45	1.3	4.61	phot
1	123	3	4	1.24	3.79	4.72	phot
1	123	2	2	-0.499	-1.11	2.47	phot
1	66.6	1	4	-3.93	4.94	0.125	phot
1	119	2	3	-0.352	0.886	0.705	phot
1	123	3	2	0.542	-0.91	0.755	compt
1	120	3	3	0.616	0.469	0.257	phot
1	123	3	2	1.05	-0.63	1.5	phot
1	124	3	3	1.09	0.0902	3.5	phot
1	118	2	2	-0.137	-0.547	0.0799	phot
2	97.8	3	2	0.0259	-0.323	0.557	phot
2	23.9	2	2	-0.153	-0.471	1	phot
1	121	2	3	-0.632	0.536	0.223	phot
1	118	2	3	-0.219	0.852	1.58	phot
1	124	3	3	0.199	0.0965	1.46	phot
1	124	2	3	-1.26	0.202	1.89	phot
1	128	2	2	-0.543	-0.63	0.688	phot
1	92.6	4	1	2.53	-3.09	0.135	phot
1	123	3	2	0.575	-0.522	2.49	phot
1	83	4	2	4.65	-0.945	0.231	phot
1	119	3	3	0.512	1.08	1.78	phot
1	118	2	3	-1.03	0.282	3.15	phot
1	119	3	2	0.846	-0.34	0.272	phot
1	125	3	2	1	-0.354	0.257	phot
1	40.3	2	1	-1.49	-4.7	0.00422	phot
1	119	2	3	-0.0327	0.0756	4.11	phot
1	122	3	3	1.35	0.194	4.48	phot
1	121	3	3	0.271	1.37	1.43	phot
2	54	3	3	0.957	0.46	0.492	compt
2	69.7	2	3	-0.0251	0.493	0.234	phot
1	124	2	2	-0.747	-0.107	1.5	phot
1	126	3	3	0.407	0.298	2.77	phot
1	121	3	2	0.788	-0.184	0.165	phot
1	126	3	3	0.326	0.287	0.0204	phot
2	9.48	3	3	0.309	0.144	1.34	compt
2	110	2	3	-0.294	0.72	2.11	phot
2	97.6	2	3	-0.0443	0.711	4.31	phot
2	22	3	3	0.255	0.602	4.43	phot
1	129	2	3	-0.449	0.893	0.258	compt
1	125	3	3	0.276	0.174	1.77	phot
2	28.1	3	3	0.215	0.503	3.85	compt
2	88	3	2	1.12	-1.05	3.07	phot
1	120	2	3	-0.678	0.166	1.74	compt
1	122	2	3	-0.0809	1.01	1.7	phot
1	124	2	3	-0.471	0.891	3.34	phot
1	87.4	4	3	3.17	2.13	0.0438	phot
1	122	3	3	0.688	0.706	1.1	compt
1	120	3	3	0.926	0.246	0.892	phot
1	123	2	3	-0.969	0.355	2.67	phot
1	119	2	3	-0.847	0.299	2.86	phot
1	121	2	3	-0.651	0.169	1.77	phot
1	119	2	2	-0.746	-0.0439	2.66	phot
1	122	2	2	-0.405	-1.01	0.421	phot
1	121	3	2	0.695	-0.736	0.311	phot
1	55.3	4	3	4.46	0.151	0.198	phot
2	38.7	3	2	0.00579	-0.199	2.07	compt
2	82.7	2	2	-0.0947	-0.265	1.66	phot
1	123	2	3	-0.713	0.211	1.4	phot
1	123	3	3	0.467	0.223	0.538	phot
1	67.2	3	1	2.08	-3.01	0.506	phot
1	124	3	2	0.477	-0.409	0.147	phot
1	125	2	3	-0.21	0.617	1.29	phot
1	117	2	1	-0.037	-3.24	4.56	phot
1	122	2	3	-0.00313	0.142	1.71	phot
1	122	3	2	0.985	-0.647	2.94	phot
1	125	2	3	-0.518	0.153	1.02	phot
1	63.2	2	4	-0.0791	3.6	0.512	phot
1	122	3	3	0.0818	0.125	2.03	phot
3	79.1	2	3	-0.00272	0.153	0.174	phot
3	20.1	3	3	0.0206	0.128	0.167	phot
3	24.1	3	2	0.0868	-0.0448	0.157	phot
1	47.2	1	4	-4.37	3.34	4.97	phot
1	78.1	3	2	0.621	-0.957	0.74	phot
1	49.3	4	2	4.49	-1.05	0.206	phot
1	125	2	2	-0.135	-0.908	0.372	phot
1	122	2	3	-0.166	0.643	1.15	phot
1	121	3	2	0.0453	-0.322	2.26	phot
1	90.5	1	2	-3.32	-0.806	0.0348	phot
1	71	2	1	-2.34	-4.79	0.0973	phot
1	81.3	1	2	-4.81	-0.92	0.143	compt
1	122	2	3	-0.28	0.957	3.4	phot
1	126	2	3	-0.0941	0.544	1.22	phot
1	120	3	3	0.391	0.131	1.1	phot
1	119	3	3	0.595	0.281	0.727	phot
1	121	3	2	0.271	-0.114	1.2	phot
1	121	2	2	-0.0687	-1.21	0.279	phot
1	80	1	2	-3.76	-0.183	0.235	phot
1	122	2	3	-0.492	0.241	1.2	phot
1	117	3	2	0.527	-0.0464	0.366	phot
1	121	2	3	-0.213	0.0483	2.18	phot
1	123	3	2	0.248	-0.0908	0.444	phot
1	89.1	2	2	-0.59	-0.769	0.129	phot
1	125	2	3	-0.48	0.885	0.617	phot
1	123	2	3	-0.768	0.741	0.0933	phot
1	122	3	3	0.431	0.981	2.98	phot
1	121	3	2	0.369	-1	1.02	phot
1	123	2	3	-0.0356	0.559	3.5	phot
1	123	2	3	-0.301	0.843	1.05	phot
1	121	2	3	-0.816	0.16	0.556	phot
1	120	2	2	-0.405	-0.435	3.28	phot
1	122	2	3	-0.525	0.721	3.76	phot
1	121	2	3	-0.73	0.894	2.61	phot
2	14	3	3	0.327	0.451	0.783	compt
2	105	2	3	-0.296	0.871	1.67	compt
1	118	2	2	-0.487	-1.11	1.02	phot
1	119	3	2	0.052	-0.595	2.09	phot
1	66.7	1	1	-4.63	-3.48	3.89	phot
1	122	2	3	-0.518	0.412	2.81	compt
1	122	2	2	-1.04	-0.324	2.33	phot
1	122	3	2	0.952	-0.0985	0.309	phot
1	120	3	3	0.608	0.257	0.483	phot
1	120	3	3	0.188	0.404	0.547	phot
1	121	3	2	1.17	-0.0292	1.46	phot
1	122	2	2	-0.163	-0.31	1.53	phot
1	125	3	3	0.421	0.785	2.76	phot
1	127	3	3	0.694	0.164	0.912	phot
1	59.3	1	1	-4.37	-2.71	0.0411	phot
1	124	3	3	0.406	0.5	0.612	phot
1	125	2	3	-0.0497	1.31	1.42	phot
1	123	2	3	-0.0672	0.652	0.14	phot
1	124	3	2	0.487	-0.589	0.124	phot
1	118	3	3	0.469	0.601	3.86	phot
1	68.1	1	1	-4.09	-3.03	0.0578	phot
1	122	2	3	-0.789	0.681	1.54	phot
1	119	2	2	-0.703	-0.506	0.854	phot
1	125	2	2	-0.0413	-0.89	0.0818	phot
1	121	3	3	0.299	0.553	1.31	phot
1	120	2	3	-0.156	0.922	0.264	phot
1	127	2	3	-0.854	0.432	1.28	phot
1	120	2	3	-0.745	0.613	2.12	phot
1	88.8	1	3	-4.09	0.543	0.0471	phot
1	121	2	2	-1.06	-0.27	1.09	phot
1	87.8	3	1	1.3	-4.7	4.44	phot
1	125	3	3	0.752	0.881	0.532	phot
1	120	3	2	0.779	-0.597	0.697	phot
1	123	2	2	-0.865	-0.62	0.771	phot
1	116	3	3	0.943	0.794	0.412	phot
1	124	2	3	-0.921	0.0699	3.48	phot
1	64.1	1	4	-4.87	3.54	4.34	phot
1	67.7	3	1	0.32	-3.2	0.126	phot
1	124	3	2	0.715	-0.674	0.186	phot
1	127	2	3	-0.277	0.209	4.81	phot
2	32.3	3	2	0.00812	-1.2	0.113	phot
2	90.7	2	2	-0.00353	-1.19	0.116	eIoni
1	127	2	2	-0.174	-0.863	0.152	phot
1	122	3	2	0.672	-0.713	0.524	phot
1	127	3	3	0.321	0.134	3.14	phot
1	122	2	2	-0.414	-0.863	3.79	phot
1	125	2	2	-0.534	-0.15	0.0713	phot
2	99.3	3	3	0.184	0.0235	1.58	phot
2	25.6	3	2	0.172	-0.0187	1.62	phot
2	109	2	3	-0.0532	0.628	0.278	phot
2	15.1	3	3	0.0216	0.605	0.3	phot
1	72	1	2	-4.77	-2.26	1.23	phot
1	126	3	3	0.804	0.649	0.173	phot
1	65.2	2	3	-1.4	1.57	0.33	phot
1	77.8	2	2	-0.437	-0.24	0.0167	phot
1	123	3	3	0.519	0.195	0.258	phot
1	121	2	2	-1.12	-0.425	1.38	phot
1	125	2	3	-1.23	0.0635	0.189	phot
1	125	2	3	-0.748	0.146	1.01	phot
1	97.1	2	2	-0.856	-0.117	0.0104	phot
1	123	3	3	0.752	0.29	0.129	phot
1	86.2	2	4	-1.11	3.87	0.552	phot
1	122	2	3	-0.66	0.433	0.578	phot
1	125	2	3	-0.847	1	1.09	phot
1	122	2	3	-0.853	0.306	0.803	phot
1	118	3	2	0.0626	-0.452	1.29	phot
1	124	3	3	0.248	0.223	1.81	phot
1	122	3	2	0.35	-0.632	2.05	phot
1	37.2	1	3	-4.98	2.35	1.98	phot
1	119	3	2	0.174	-0.537	1.85	phot
1	123	2	2	-0.509	-0.602	1.61	phot
1	122	2	2	-0.24	-0.915	1.17	phot
1	49.8	2	4	-1.84	4.93	4.9	phot
1	122	2	2	-0.605	-0.53	0.279	phot
1	121	3	2	0.101	-0.695	2.15	phot
1	87.6	2	2	-2.35	-0.00742	0.0753	phot
1	123	2	3	-0.812	0.183	0.0144	phot
1	127	2	3	-0.623	0.415	1.29	phot
1	125	2	3	-0.124	0.0523	3.3	phot
1	120	3	2	0.192	-0.0944	4.54	phot
1	119	3	2	0.233	-0.0619	1.49	phot
1	124	2	3	-0.173	0.309	1.89	phot
1	126	3	2	0.241	-0.998	1.39	phot
1	123	2	2	-0.337	-0.214	1.49	phot
1	121	3	2	0.0657	-0.864	1.82	phot
1	102	4	4	3.37	4.99	0.495	phot
1	123	2	2	-0.519	-0.327	0.601	phot
1	117	2	3	-0.221	0.454	0.644	phot
1	120	3	2	0.61	-0.894	0.846	phot
1	99.5	3	2	0.253	-0.907	0.0979	phot
1	122	3	3	1.04	0.589	1.96	phot
1	121	2	2	-0.0344	-0.59	0.405	phot
1	120	3	3	0.531	0.175	2.54	phot
1	124	3	3	0.84	0.341	3.91	phot
1	119	2	2	-0.799	-0.0653	1.16	phot
2	35	3	2	0.324	-0.211	1.66	compt
2	89.6	2	2	-0.426	-2.11	0.882	phot
1	122	2	2	-0.251	-0.099	0.606	phot
2	24.6	3	2	0.045	-0.425	2.51	compt
2	97.1	3	3	0.237	0.16	2.51	phot
2	31.8	2	3	-0.067	0.762	1.03	compt
2	89.8	3	3	0.245	1.29	0.656	phot
1	120	2	2	-0.245	-0.617	3.62	compt
1	121	3	2	0.99	-0.119	2.46	phot
1	120	2	3	-0.464	0.821	1.02	phot
1	127	2	2	-0.591	-0.384	1.65	phot
1	123	3	3	0.259	0.997	3.38	phot
2	31.1	2	2	-0.109	-0.739	4.14	compt
2	90.3	3	2	0.136	-0.821	4.07	phot
1	122	3	3	0.308	0.965	1.73	phot
1	124	2	3	-0.31	0.319	0.898	phot
1	121	3	3	0.431	0.568	3.73	phot
1	120	2	3	-0.0829	0.00604	2.47	phot
1	65.2	4	3	4.41	0.15	0.111	phot
1	87.7	2	2	-0.257	-2.36	0.148	phot
1	32.8	3	3	0.427	0.654	0.422	compt
1	45.6	2	2	-0.75	-0.865	0.47	phot
1	127	3	2	0.686	-0.415	0.682	phot
2	93.8	3	2	0.0377	-0.14	3.08	phot
2	27.3	2	2	-0.0247	-0.00529	2.96	phot
1	99.7	3	2	0.118	-0.656	0.00897	phot
1	120	2	3	-0.597	0.26	1.23	phot
1	124	2	3	-0.688	0.55	0.589	phot
1	107	2	4	-1.87	3.68	1.89	phot
1	121	2	3	-1.03	0.135	0.659	phot
1	126	3	3	0.0405	0.955	1.49	phot
1	118	3	3	0.492	0.908	0.129	phot
1	122	2	3	-1.01	0.634	1.69	phot
1	117	2	2	-0.463	-0.983	0.482	phot
1	121	2	2	-0.206	-0.458	3.58	phot
1	122	3	2	0.895	-0.614	1.88	phot
1	123	2	3	-0.00715	0.497	0.491	compt
1	118	3	3	0.755	0.379	0.409	phot
1	116	3	2	0.869	-0.662	2.08	phot
1	124	2	3	-0.763	0.374	2.09	phot
1	121	3	2	0.6	-0.57	0.41	phot
1	124	3	2	0.247	-0.0227	3.64	phot
2	106	2	2	-0.226	-0.008	0.176	phot
2	18.6	2	3	-0.216	0.00238	0.176	eIoni
1	121	3	2	0.707	-0.247	3.69	phot
1	118	2	2	-0.323	-0.316	2.13	phot
1	68.1	2	2	-1.74	-0.547	0.282	phot
1	122	3	2	0.658	-0.0654	0.0291	phot
1	125	2	2	-0.0682	-1.07	0.955	phot
1	121	3	3	0.556	1.15	3.08	phot
1	122	3	2	0.807	-0.853	0.084	phot
1	124	2	3	-0.492	0.227	1.22	phot
1	122	3	3	0.911	0.074	3.05	phot
1	119	2	3	-0.653	0.208	0.127	phot
1	121	3	3	0.182	0.377	1.09	phot
1	122	3	3	0.461	0.843	0.777	phot
2	101	2	2	-0.623	-0.0216	0.635	phot
2	23.3	2	3	-0.822	0.0839	0.674	phot
1	5.4	2	2	-0.678	-0.404	1.99	compt
1	86.6	2	3	-0.0323	0.766	3.11	phot
1	124	2	2	-0.383	-0.194	0.336	phot
1	124	2	2	-0.506	-0.819	0.854	compt
1	60.6	3	1	0.314	-4.43	0.273	phot
1	58.6	4	4	4.99	3.61	3.16	phot
1	123	3	2	0.375	-0.0151	2.41	phot
1	124	3	3	1.27	0.123	0.29	phot
1	119	3	2	0.238	-0.483	0.201	phot
1	124	2	3	-0.811	0.084	0.186	phot
1	120	3	2	0.461	-0.322	0.491	phot
1	123	3	3	0.623	0.0988	0.486	phot
1	75.3	3	1	0.807	-4.96	0.765	phot
1	124	2	3	-0.0915	0.244	0.062	phot
1	126	3	3	0.756	0.758	3.59	phot
1	85.7	3	3	0.716	0.531	0.412	phot
1	122	3	2	0.291	-0.785	0.487	phot
1	123	3	2	0.757	-0.187	1.06	phot
1	121	3	3	0.514	0.368	0.789	phot
1	119	3	3	0.204	0.199	1.61	phot
1	121	3	3	0.552	0.779	0.221	phot
1	123	2	3	-0.992	0.019	1.62	phot
1	94.5	1	4	-2.9	2.99	0.376	phot
2	120	3	3	0.683	0.0144	1.79	phot
2	0.732	3	2	0.764	-0.0086	1.72	phot
2	5.02	3	2	0.124	-0.536	0.0865	compt
2	116	2	2	-0.933	-1.91	1.89	phot
1	123	2	2	-0.815	-0.478	1.28	phot
1	122	3	3	0.453	0.775	1.39	phot
1	51.7	1	1	-3.91	-3.78	0.145	phot
1	66.1	2	3	-0.61	0.381	0.098	phot
1	126	2	2	-0.00633	-0.805	4.53	phot
1	102	2	2	-0.441	-0.61	0.031	phot
1	123	2	3	-0.172	0.757	2.4	phot
1	127	2	2	-0.481	-0.618	0.402	compt
1	124	3	3	0.142	0.125	2.48	phot
1	122	2	2	-0.708	-0.708	0.0236	phot
1	121	2	3	-0.586	0.452	2.49	phot
1	120	2	2	-0.418	-0.97	0.667	phot
1	91.1	3	3	2.16	1.61	0.454	phot
1	128	2	3	-0.125	0.238	0.585	phot
1	121	2	3	-0.0765	0.878	0.692	compt
1	117	3	3	0.745	0.783	0.256	compt
1	120	2	3	-0.574	0.919	2.09	phot
1	120	2	3	-1.19	0.102	1.1	phot
1	119	2	3	-0.647	0.0038	2.4	compt
1	119	2	3	-0.282	0.0515	0.801	phot
1	125	3	2	0.181	-1.16	1.95	phot
1	123	2	3	-0.274	0.652	1.99	phot
1	120	2	3	-0.294	1.14	4.28	phot
1	121	2	3	-0.921	0.197	0.931	phot
2	16.1	2	3	-0.386	0.217	0.299	compt
2	106	1	3	-3.17	0.465	1.04	phot
1	78.4	2	1	-2.4	-4.72	0.699	phot
1	122	3	3	0.0951	0.87	1.81	phot
1	120	3	2	0.054	-0.311	1.24	phot
1	125	3	3	1.06	0.464	0.824	phot
2	20.4	2	2	-0.999	-0.709	0.269	compt
2	98.8	3	2	2.19	-0.711	0.53	phot
1	122	2	3	-0.0436	0.208	0.133	phot
1	121	3	2	0.185	-0.549	1.07	phot
1	124	3	2	0.844	-0.0737	0.463	phot
1	124	2	3	-0.138	0.0458	3.54	phot
1	125	3	2	0.578	-0.266	1.8	phot
1	119	3	2	0.481	-0.66	0.372	phot
1	120	2	3	-0.502	0.533	0.152	phot
1	121	3	3	0.698	0.738	0.0955	phot
1	126	2	3	-0.431	0.265	3.75	phot
1	118	2	3	-1.02	0.214	1.52	phot
1	120	2	3	-0.278	1.01	0.177	phot
1	124	3	3	0.414	0.177	1.02	phot
1	119	2	3	-0.281	0.777	0.745	phot
1	78.3	3	2	0.0286	-1.34	0.13	phot
1	103	3	3	0.739	1.03	1.62	phot
1	73.5	3	1	1.79	-4.94	3.19	phot
1	98.3	3	3	0.481	0.607	0.0655	phot
1	119	3	3	0.755	0.0494	1.12	phot
1	101	2	3	-0.961	0.271	0.241	phot
1	62.9	4	1	4.28	-2.84	2.32	phot
1	122	2	3	-0.603	0.146	0.717	phot
2	2.5	3	2	0.232	-0.463	0.281	compt
2	123	2	2	-0.261	-0.0851	1.62	phot
1	57.3	3	2	1.27	-0.736	0.0912	phot
1	63.3	4	3	4.94	2.18	2.41	phot
1	117	2	3	-0.136	0.343	1.21	phot
2	42.2	2	2	-0.533	-0.667	3.69	compt
2	79.4	2	3	-1.3	0.0614	4.07	phot
1	122	3	2	0.206	-0.337	0.176	phot
1	120	3	3	0.978	0.324	0.238	phot
1	123	3	3	0.115	0.857	2.3	phot
1	125	2	3	-0.369	0.0993	0.331	phot
1	123	3	2	0.245	-0.0264	0.501	phot
1	59.8	2	4	-1.22	3.34	0.264	phot
1	120	2	2	-0.743	-0.00403	0.479	phot
1	121	3	3	0.801	0.478	1.26	compt
1	117	3	3	1.14	0.175	0.46	phot
1	122	3	2	0.0414	-0.743	0.122	phot
1	82.4	4	3	4.76	0.896	4.02	phot
1	125	3	3	0.378	0.446	0.375	phot
2	39.8	3	3	1.08	0.345	1.58	compt
2	78.8	3	2	1.31	-0.163	1.63	phot
1	121	2	3	-1.05	0.831	2.54	phot
1	128	2	2	-0.4	-0.159	0.615	phot
1	121	3	2	0.9	-0.644	0.641	phot
1	120	2	3	-0.105	0.589	1.32	phot
1	70.6	4	2	4.91	-2.21	2.22	phot
1	120	3	3	0.558	0.36	1.77	phot
1	121	3	2	0.343	-0.632	0.724	phot
2	34.7	3	2	0.425	-0.746	0.931	compt
2	87	2	2	-0.0158	-0.558	0.483	phot
1	126	2	3	-0.495	0.576	0.243	phot
1	123	2	3	-0.725	0.125	1.04	phot
2	99	3	3	0.164	0.419	3.56	compt
2	24.4	2	3	-0.00071	1.05	3.34	phot
1	120	2	2	-0.585	-1.2	1.01	phot
1	118	3	2	0.467	-0.775	2.38	phot
1	126	2	2	-0.697	-0.826	0.824	phot
1	120	3	2	0.85	-0.479	0.508	phot
1	122	3	3	0.377	1.16	0.735	phot
1	124	3	3	0.887	0.101	2.06	phot
1	121	2	3	-0.358	0.451	0.94	phot
1	124	3	3	0.601	0.789	1.54	phot
1	123	2	3	-0.467	0.776	1.53	phot
1	124	3	2	0.712	-0.0987	2.44	phot
1	122	3	2	0.998	-0.175	2.74	phot
1	120	2	2	-0.735	-0.694	2.65	phot
1	128	2	3	-0.79	0.575	2.25	phot
1	124	2	2	-0.274	-1.08	4.22	phot
1	121	2	3	-0.793	0.78	0.348	phot
1	125	2	3	-1.06	0.489	0.637	phot
1	123	2	3	-0.438	0.141	2.24	phot
1	121	3	3	0.186	0.228	1.73	compt
1	123	3	3	0.646	1.07	1.35	phot
1	122	2	3	-0.862	0.636	1.86	phot
1	125	3	3	0.13	0.0646	0.881	phot
1	121	3	3	0.157	0.972	1.91	phot
1	127	3	3	0.124	0.835	4.17	phot
1	121	3	2	1.14	-0.656	4.83	phot
1	122	2	3	-0.677	0.239	2.63	phot
1	124	2	2	-0.226	-0.631	4.19	phot
1	123	2	2	-0.322	-0.938	0.00751	phot
1	120	2	2	-0.479	-0.0868	0.946	phot
1	120	2	2	-1.31	-0.0398	1.08	phot
1	127	3	3	0.155	0.852	0.51	phot
1	39.6	3	1	0.412	-4.99	0.198	phot
1	124	2	2	-0.832	-0.168	1.24	phot
1	122	3	3	0.675	0.0127	1.17	phot
1	122	2	3	-0.22	0.65	0.431	phot
1	119	2	3	-0.0168	0.692	0.928	phot
1	123	3	3	0.495	1.23	1.81	phot
1	122	3	3	0.692	0.809	0.654	phot
1	118	2	2	-0.847	-0.509	2.75	compt
1	117	3	2	0.185	-0.445	0.838	phot
1	82.7	3	3	0.994	0.482	0.815	phot
1	121	2	3	-0.165	0.701	0.201	phot
1	116	3	3	0.728	0.545	2.49	phot
1	126	3	3	0.529	0.0882	0.134	phot
1	122	3	2	1.07	-0.0337	4.92	phot
2	99.7	3	2	0.0766	-0.287	4.8	phot
2	24.3	2	3	-0.111	0.07	4.79	phot
1	121	2	3	-0.319	0.886	0.29	phot
1	122	2	2	-0.957	-0.176	2.81	phot
1	121	3	2	0.411	-0.416	0.628	phot
1	126	3	2	0.753	-0.171	0.659	compt
1	110	1	1	-3.17	-3.29	4.25	compt
1	75.3	2	2	-0.909	-0.16	0.151	phot
1	121	3	3	0.569	0.97	0.655	phot
1	84.6	2	3	-0.8	0.53	0.124	phot
1	100	3	3	1.2	0.945	0.109	phot
1	122	2	3	-0.369	0.868	3.72	phot
1	125	3	2	0.587	-0.00526	0.489	phot
1	121	3	2	1.16	-0.126	1.35	phot
1	65.8	3	4	2.3	4.84	0.132	phot
1	122	3	2	0.923	-0.74	2.27	phot
1	118	2	3	-0.762	0.694	1.06	phot
1	123	2	3	-0.875	0.661	0.833	phot
1	118	2	3	-0.866	0.618	2.99	phot
1	121	3	3	0.269	0.237	4.23	phot
1	125	3	3	0.188	0.139	0.132	phot
1	129	2	2	-0.565	-0.829	4.36	phot
1	28.1	3	3	0.571	0.97	0.234	compt
1	96.7	2	2	-0.585	-0.755	0.0513	phot
1	121	2	2	-0.519	-0.487	0.556	phot
2	91.2	3	3	0.0787	0.387	0.135	phot
2	24.7	2	3	-0.00624	0.33	0.272	phot
1	120	2	2	-0.86	-0.191	0.278	phot
1	72.1	1	4	-4.76	3.76	0.201	phot
1	120	2	3	-0.665	0.455	4.29	phot
1	72.7	3	3	1.28	1.06	0.625	phot
1	120	3	3	0.458	0.898	2.45	phot
1	66	3	2	2.17	-1.01	1.37	phot
2	25.1	3	2	0.000352	-0.169	1.7	phot
2	97.3	2	2	-0.0169	-0.166	1.68	eIoni
1	125	3	3	0.293	1.14	0.812	phot
2	37.1	3	2	0.0801	-0.359	4.11	compt
2	87.2	2	2	-0.566	-0.614	3.27	phot
1	117	2	3	-0.426	0.776	1.44	phot
1	64.5	3	4	1.28	4.43	0.0611	phot
1	122	2	2	-0.404	-0.0897	3.08	phot
1	125	3	3	0.299	0.22	1.28	phot
1	123	3	2	0.634	-0.647	1.51	phot
1	120	3	2	0.71	-0.9	2.82	phot
1	122	3	2	1.06	-0.568	1.67	compt
1	78.7	4	4	3.85	2.81	0.617	phot
1	122	3	3	0.367	0.939	1.81	phot
1	121	2	3	-0.261	0.468	0.7	phot
1	122	2	2	-0.922	-0.0738	1.82	phot
1	128	2	2	-0.626	-0.616	1.22	phot
1	58.6	4	3	4.83	0.983	0.137	phot
2	90.7	2	3	-0.308	1.2	1.45	phot
2	32.2	3	3	0.0702	1.36	1.5	phot
1	122	2	3	-0.457	1.05	4.69	phot
1	124	2	3	-0.386	0.643	0.432	phot
1	119	2	3	-0.112	0.132	0.411	phot
1	121	3	2	0.225	-0.581	1.24	phot
1	68.3	4	1	3.84	-3.88	0.324	phot
2	116	3	3	0.59	0.0295	0.393	phot
2	4.86	3	2	0.555	-0.0139	0.453	phot
1	123	3	2	0.554	-0.507	1.95	compt
2	122	3	3	0.107	0.121	1.19	phot
2	3.98	2	3	-0.0266	0.262	1.12	phot
1	120	2	2	-0.622	-0.214	0.44	phot
1	119	3	3	0.257	1.04	0.767	phot
2	98	3	2	0.0358	-0.779	0.61	phot
2	22.3	2	2	-0.0431	-1.13	0.344	phot
1	121	3	3	0.253	0.203	2.8	phot
1	119	3	2	0.371	-0.83	0.503	phot
1	124	3	2	0.55	-0.243	0.814	phot
1	124	3	3	0.0429	0.86	0.0866	phot
2	31.2	2	2	-0.00339	-0.816	0.721	phot
2	90.2	3	2	0.00561	-0.817	0.762	eIoni
1	124	3	2	0.475	-0.83	0.555	phot
1	124	3	3	0.121	0.267	0.228	phot
1	122	2	3	-0.252	0.165	0.424	phot
1	123	2	2	-0.583	-0.868	2.58	phot
1	121	3	3	0.326	0.114	0.574	phot
1	119	3	3	0.0881	0.809	2.06	compt
1	124	2	2	-0.49	-0.278	0.0361	phot
1	125	3	3	0.117	0.302	3.2	phot
1	124	2	3	-0.279	1.07	0.749	phot
1	124	2	3	-1.19	0.393	3.6	phot
1	117	2	2	-1.08	-0.548	2.02	phot
1	124	3	2	0.0816	-0.213	4.22	phot
1	122	2	2	-1.14	-0.0286	1.4	phot
1	77.6	1	3	-2.73	1.82	0.258	phot
1	73	3	2	1.69	-1.15	0.153	phot
1	67.4	1	4	-3.59	2.73	1.2	phot
1	121	3	3	0.511	0.794	1.38	phot
1	59.7	1	4	-3.78	4.56	0.285	phot
1	97.6	3	2	0.221	-1.27	0.00914	phot
1	123	3	2	0.366	-0.504	2.66	phot
1	124	2	3	-0.849	0.0331	3.16	compt
1	125	3	3	0.797	0.154	4.93	phot
1	125	3	3	0.328	0.652	0.712	phot
1	6	3	2	0.465	-0.19	3.76	compt
2	27.9	3	2	0.334	-0.439	1.94	compt
2	96.4	3	3	1.15	0.327	1.75	phot
1	125	3	3	0.7	0.32	0.241	phot
1	122	2	3	-0.516	0.253	2.11	phot
1	123	3	2	1.09	-0.0301	1.81	compt
1	121	3	2	1.04	-0.411	1.04	phot
1	121	3	3	0.24	0.917	0.783	phot
1	123	2	2	-0.4	-0.774	2.38	phot
1	63.5	3	1	1.3	-4.94	2.57	phot
1	122	2	2	-0.602	-0.321	4.54	phot
1	68.3	1	4	-3.7	4.55	0.645	phot
2	78.2	3	4	2.36	4.51	0.164	phot
2	22.6	4	4	2.54	4.54	0.0419	phot
1	126	3	3	0.421	1.09	2.9	compt
1	122	2	2	-1.18	-0.122	0.862	phot
1	122	2	2	-0.23	-0.0466	2.19	phot
1	121	3	3	0.0341	0.783	0.963	phot
1	123	3	2	0.683	-0.142	0.713	phot
1	124	2	2	-0.102	-0.409	0.432	phot
1	125	3	2	1.01	-0.363	0.624	phot
1	119	3	2	0.204	-0.14	0.0965	phot
1	125	3	2	0.162	-0.866	1.45	phot
1	25.5	1	4	-3.18	4.58	0.0186	phot
1	119	3	3	0.369	0.404	0.785	phot
1	123	3	3	0.51	0.533	1.61	phot
1	127	3	2	0.43	-0.0102	2.42	phot
1	121	2	3	-0.735	0.0674	1.64	phot
1	55	2	3	-1.78	0.271	0.0615	phot
1	121	2	2	-0.145	-0.313	0.944	phot
1	122	3	2	0.194	-0.252	1.33	phot
1	122	3	3	0.577	0.794	2.73	phot
2	98	2	3	-1.17	0.0838	0.0915	phot
2	22.4	2	2	-1.18	-0.0917	0.00761	phot
1	125	2	2	-0.49	-0.221	1.09	phot
1	121	2	3	-0.597	0.485	0.207	phot
1	54.1	1	2	-3.25	-1.13	0.0416	phot
1	71.5	4	2	4.64	-0.895	0.126	phot
1	126	2	3	-0.791	0.676	0.347	phot
1	121	3	2	0.086	-0.449	2.59	phot
1	119	3	3	0.529	0.831	0.264	phot
1	53.5	1	2	-4.91	-0.145	0.477	phot
1	125	2	3	-0.272	0.148	1.05	phot
1	128	2	2	-0.125	-1.19	2.37	phot
2	113	3	3	0.579	0.836	4.55	compt
2	8.38	2	3	-0.00748	1.12	4.42	phot
1	120	3	3	0.162	0.314	0.608	phot
1	127	2	3	-0.455	0.261	1.76	phot
1	127	2	2	-0.955	-0.35	1.79	phot
2	96.3	2	3	-0.385	0.0798	1.22	phot
2	26.8	2	2	-0.591	-0.13	1.32	phot
1	118	3	2	0.523	-0.344	0.24	phot
1	123	3	3	0.606	0.887	0.457	phot
1	5.14	4	2	5	-1.47	0.606	phot
1	118	3	3	0.0231	0.028	1.7	phot
1	117	3	3	0.166	0.279	0.744	phot
1	121	3	3	0.499	0.335	0.62	phot
2	92.9	3	2	0.451	-0.279	1.37	phot
2	24.1	3	3	0.638	0.119	1.6	phot
1	126	2	2	-0.43	-0.781	0.731	phot
1	123	3	3	0.14	0.559	0.746	phot
1	121	2	2	-0.0781	-0.0796	0.0556	phot
1	127	3	2	0.0538	-0.207	1.04	phot
1	120	3	2	0.851	-0.057	1.65	phot
1	120	2	3	-0.0859	0.433	1.01	phot
2	12.9	3	2	0.519	-0.89	0.577	compt
2	106	3	3	0.441	0.816	1.58	phot
2	43.4	3	2	0.231	-0.237	1	compt
2	76.2	2	2	-0.0182	-0.626	1.16	phot
1	27	4	2	3.83	-1.7	0.103	phot
1	122	3	3	0.742	0.392	1.74	phot
1	68.2	1	1	-4.6	-3.48	0.0189	phot
1	81.9	1	1	-3.86	-4.74	2.04	phot
1	92.1	4	4	4.85	2.76	4.75	phot
1	121	2	2	-0.0376	-0.376	0.195	phot
1	124	3	3	0.657	0.351	0.239	phot
1	124	2	3	-0.296	0.549	2.53	phot
1	120	3	2	0.207	-0.0409	2.55	phot
2	98.3	3	3	0.00968	0.245	0.969	phot
2	22.4	2	3	-0.0932	0.132	0.772	phot
1	121	2	3	-0.779	0.104	2.08	phot
1	125	3	2	0.0875	-0.767	0.976	phot
1	76.8	2	3	-0.208	1.3	0.887	phot
1	59.7	3	4	1.1	3.48	0.0374	phot
1	77.7	2	1	-2.15	-5	4.87	phot
1	123	2	2	-0.642	-0.157	0.402	phot
1	53.7	1	1	-2.96	-4.53	0.104	phot
1	120	2	3	-0.352	0.071	2.78	phot
1	125	2	3	-0.212	0.602	4.14	phot
1	122	3	2	0.311	-0.194	1.05	phot
1	122	3	2	0.17	-0.343	1.84	phot
1	120	3	2	0.842	-0.324	0.374	phot
1	124	2	2	-1.17	-0.0563	0.727	compt
1	69.6	2	4	-0.312	4.83	3.24	phot
1	21.1	2	3	-0.139	0.204	0.0881	compt
1	122	2	2	-0.195	-0.9	2.37	phot
1	125	2	3	-0.277	0.598	1.74	phot
2	98.8	2	3	-0.0355	1.14	3.05	phot
2	23.7	3	3	0.0107	1.11	3.03	phot
1	123	2	2	-1.01	-0.437	0.272	phot
1	121	2	3	-0.44	0.646	2.52	phot
1	34.1	1	3	-4.99	0.891	3.83	phot
1	120	2	2	-0.578	-0.557	3.08	phot
1	126	3	3	0.234	0.269	2.77	phot
1	122	3	3	0.288	0.674	2.19	phot
1	125	3	3	0.0753	0.369	1.34	phot
1	123	3	2	0.318	-0.116	3.13	phot
1	125	2	2	-0.0658	-0.0329	1.29	phot
1	123	2	2	-0.26	-0.629	0.817	phot
1	97.1	4	1	3.39	-4.73	0.22	phot
1	121	3	3	1.01	0.288	0.511	phot
1	69.5	1	4	-4.85	4.13	0.599	phot
1	123	2	2	-0.286	-1.05	1.73	phot
1	99	3	2	1.37	-0.244	0.661	phot
1	122	2	3	-0.567	0.7	0.0859	phot
1	121	3	2	1.17	-0.443	0.524	phot
1	121	2	3	-0.26	1.07	1.1	phot
1	123	3	3	0.567	0.963	0.239	compt
1	122	3	3	0.861	0.681	1.6	phot
1	124	2	3	-0.0633	0.0946	4.1	phot
1	119	3	3	0.527	0.369	1.4	phot
1	73.6	1	4	-4.05	4.04	0.253	phot
1	122	3	3	0.251	0.398	0.864	phot
1	118	2	3	-0.027	0.919	1.93	compt
1	123	3	3	0.605	0.216	1.04	phot
1	121	3	3	0.662	0.366	0.368	phot
1	120	3	2	0.0868	-0.231	2.89	phot
2	97.1	3	2	0.769	-0.00522	2.87	phot
2	26.5	3	3	0.772	0.00462	2.89	phot
1	122	3	2	0.264	-0.102	2.9	phot
1	123	3	3	0.786	0.0949	2.2	phot
1	122	2	2	-0.381	-0.461	3.07	phot
1	120	3	3	0.556	0.71	1.87	phot
1	126	2	3	-0.133	0.0769	4.09	phot
1	122	3	3	0.554	0.156	1.28	phot
1	120	3	2	0.29	-0.924	4.62	phot
1	123	3	2	0.127	-0.422	0.375	phot
2	103	2	2	-0.541	-0.133	0.493	phot
2	23.1	2	3	-0.365	0.0631	0.316	phot
1	123	2	2	-0.552	-1.13	2.41	phot
1	34.3	3	2	1.16	-0.479	0.417	compt
1	36.2	2	3	-0.887	0.347	0.0811	compt
2	10	2	3	-1.01	0.482	0.178	compt
2	110	2	2	-2.29	-0.275	1.3	phot
1	122	3	3	0.177	0.797	0.936	phot
1	121	2	3	-0.845	0.285	2.08	phot
1	120	2	3	-0.163	1.21	0.641	phot
1	34.4	2	3	-0.937	0.267	0.00286	compt
1	125	2	3	-0.956	0.589	0.0345	phot
1	123	3	3	0.289	0.347	2.49	compt
1	124	2	2	-0.0958	-0.618	0.378	phot
1	123	2	3	-0.582	0.768	0.0663	phot
1	120	3	2	0.0752	-0.253	2.57	phot
1	124	2	3	-0.142	0.136	2.21	compt
1	119	3	2	0.59	-1.12	2.8	phot
1	123	3	3	0.376	0.654	3.21	phot
2	92.3	3	2	0.0517	-0.048	0.435	phot
2	26.6	3	3	0.0627	0.146	0.299	phot
1	126	3	3	0.897	0.0692	1.53	phot
1	118	3	2	0.811	-0.388	0.225	phot
1	3.18	3	2	0.125	-1.26	1.8	compt
1	125	4	4	2.77	4.35	2.01	phot
1	121	3	3	0.226	0.436	0.523	phot
1	121	3	2	0.725	-0.678	0.681	phot
1	121	3	2	0.706	-0.352	0.798	phot
1	123	3	3	0.929	0.619	0.415	phot
1	126	3	3	0.208	0.522	4.42	phot
1	122	3	3	0.211	0.276	1.79	phot
1	121	2	2	-0.614	-0.688	2.49	phot
1	121	2	2	-0.307	-0.425	0.228	phot
2	29.8	2	2	-2.49	-1.18	0.0641	phot
2	23.6	1	2	-2.54	-1.18	0.0858	phot
1	122	2	3	-0.271	0.0746	2.64	phot
1	125	3	3	0.218	0.978	2.39	phot
1	123	2	2	-0.677	-0.0513	3.69	phot
1	121	2	3	-0.373	0.047	1.11	phot
1	127	3	3	0.0556	0.901	0.446	phot
1	51.4	1	2	-3.4	-2.46	0.0999	phot
1	50	1	4	-4.89	3.7	0.361	phot
1	119	2	2	-0.246	-0.764	2.83	phot
1	125	2	2	-0.977	-0.203	4.03	compt
1	120	3	2	0.631	-0.523	1.33	phot
1	123	3	2	0.574	-0.115	1.29	phot
1	124	2	2	-0.18	-0.344	0.345	compt
1	118	3	3	0.691	0.505	2.42	phot
1	121	3	2	0.182	-0.206	1.02	phot
1	69.5	2	4	-0.461	3.17	0.177	phot
1	123	2	3	-0.37	0.23	0.496	phot
1	124	3	3	0.0903	0.802	0.238	phot
2	101	3	3	0.341	0.0401	1.11	phot
2	24	3	2	0.449	-0.0424	1.17	phot
1	76	3	3	1.19	0.075	0.369	phot
1	122	3	2	0.298	-0.343	1.63	phot
2	99	2	3	-0.0475	0.377	0.195	phot
2	25.7	3	3	0.307	0.447	0.419	phot
2	97.7	2	2	-0.624	-0.0345	2.29	phot
2	24.4	2	3	-0.737	0.108	2.15	phot
1	125	2	2	-0.0146	-0.126	3.34	phot
