1  0  0.206148  (-1.67907,0.96656,62.5)  122  0  122  (0.973032,-0.346913,0.769234) (0,-0,-0)  gamma
3  1  0.206179  (0.973032,-0.346913,0.769234)  27.4653  0  27.4653  (0.96516,-0.343038,0.771966) (-0,0,0)  gamma
5  3  0.206989  (0.96516,-0.343038,0.771966)  22.9571  0  22.9571  (1.09831,-0.176412,0.655564) (0,0,-0)  gamma
6  5  0.206993  (1.09831,-0.176412,0.655564)  18.0181  10.1804  7.8377  (1.0982,-0.177832,0.656089) (-0.0979912,0.0289848,0.00809859)  electron
6  5  0.206996  (1.09831,-0.176412,0.655564)  18.0181  0  18.0181  (1.09807,-0.177795,0.656099) (-0,0,0)  electron
7  6  0.206994  (1.0982,-0.177832,0.656089)  3.04099  0  3.04099  (1.09819,-0.177845,0.656072) (-0,-0,-0)  electron
4  3  0.206179  (0.96516,-0.343038,0.771966)  0.7543  0  0.7543  (0.965161,-0.343035,0.771967) (0,0,0)  electron
2  1  0.206176  (0.973032,-0.346913,0.769234)  90.186  69.5526  20.6334  (0.982063,-0.353875,0.753589) (0.134851,0.235043,-0.0499013)  electron
2  1  0.206196  (0.973032,-0.346913,0.769234)  90.186  49.9483  40.2377  (0.97293,-0.345459,0.752703) (-0.101094,-0.125505,-0.166043)  electron
2  1  0.206209  (0.973032,-0.346913,0.769234)  90.186  10.4962  79.6898  (0.966553,-0.342172,0.751776) (0.0447477,0.0752659,-0.0563026)  electron
2  1  0.206212  (0.973032,-0.346913,0.769234)  90.186  0  90.186  (0.966612,-0.342073,0.751702) (0,0,-0)  electron
8  2  0.206188  (0.972862,-0.346929,0.769078)  3.12254  0  3.12254  (0.965581,-0.355465,0.770809) (-0,-0,0)  gamma
9  8  0.206188  (0.965581,-0.355465,0.770809)  2.34754  0  2.34754  (0.965597,-0.355464,0.770807) (0,0,-0)  electron

0  0.973032  -0.346913   0.769234   4.3487  phot  gamma  
1  0.96516  -0.343038   0.771966   3.7539  phot  gamma  
2  1.09831  -0.176412   0.655564   4.939  phot  gamma  
3  1.0982  -0.177832   0.656089   4.79672  eIoni  e-  
4  1.09807  -0.177795   0.656099   10.1804  eIoni  e-  
5  1.09819  -0.177845   0.656072   3.04099  eIoni  e-  
6  0.965161  -0.343035   0.771967   0.7543  eIoni  e-  
7  0.982063  -0.353875   0.753589   17.5109  eIoni  e-  
8  0.97293  -0.345459   0.752703   19.6043  eIoni  e-  
9  0.966553  -0.342172   0.751776   39.4521  eIoni  e-  
10  0.966612  -0.342073   0.751702   10.4962  eIoni  e-  
11  0.965581  -0.355465   0.770809   0.775  phot  gamma  
12  0.965597  -0.355464   0.770807   2.34754  eIoni  e-  
