1  0  0.201902  (-0.210719,-0.272014,62.5)  122  84.092  37.908  (-0.379664,0.251023,1.97387) (0.00951123,-0.0381519,0.0743332)  gamma
1  0  0.203528  (-0.210719,-0.272014,62.5)  122  65.0843  56.9157  (-0.324538,0.0298978,2.4047) (0.0169065,-0.00646073,-0.0625172)  gamma
1  0  0.204494  (-0.210719,-0.272014,62.5)  122  0  122  (-0.249265,0.0011325,2.12635) (0,-0,-0)  gamma
5  1  0.204731  (-0.249265,0.0011325,2.12635)  31.6841  0  31.6841  (-0.182662,0.0221869,2.11417) (0,0,-0)  gamma
7  5  0.205321  (-0.182662,0.0221869,2.11417)  22.9571  0  22.9571  (-0.177487,-0.0889413,2.2519) (0,-0,0)  gamma
8  7  0.205325  (-0.177487,-0.0889413,2.2519)  18.0181  0  18.0181  (-0.177208,-0.0890063,2.25175) (0,-0,-0)  electron
6  5  0.204732  (-0.182662,0.0221869,2.11417)  4.9731  0  4.9731  (-0.182687,0.0222161,2.11419) (-0,0,0)  electron
4  1  0.204502  (-0.249265,0.0011325,2.12635)  33.2703  4.85223  28.4181  (-0.248524,-0.00383717,2.13111) (0.0122135,0.0438883,0.0539181)  electron
4  1  0.204504  (-0.249265,0.0011325,2.12635)  33.2703  0  33.2703  (-0.248517,-0.00381055,2.13114) (0,0,0)  electron
3  1  0.203532  (-0.324538,0.0298978,2.4047)  18.8956  0  18.8956  (-0.324556,0.0298202,2.40504) (-0,-0,0)  electron
2  1  0.201911  (-0.379664,0.251023,1.97387)  37.493  1.92297  35.5701  (-0.379207,0.244534,1.97149) (-0.0260217,-0.0101418,0.0344817)  electron
2  1  0.201912  (-0.379664,0.251023,1.97387)  37.493  0  37.493  (-0.379214,0.244531,1.9715) (-0,-0,0)  electron

0  -0.379664  0.251023   1.97387   0.415  compt  gamma  
1  -0.324538  0.0298978   2.4047   0.112  compt  gamma  
2  -0.249265  0.0011325   2.12635   0.1299  phot  gamma  
3  -0.182662  0.0221869   2.11417   3.7539  phot  gamma  
4  -0.177487  -0.0889413   2.2519   4.939  phot  gamma  
5  -0.177208  -0.0890063   2.25175   18.0181  eIoni  e-  
6  -0.182687  0.0222161   2.11419   4.9731  eIoni  e-  
7  -0.248524  -0.00383717   2.13111   28.4181  eIoni  e-  
8  -0.248517  -0.00381055   2.13114   4.85223  eIoni  e-  
9  -0.324556  0.0298202   2.40504   18.8956  eIoni  e-  
10  -0.379207  0.244534   1.97149   35.5701  eIoni  e-  
11  -0.379214  0.244531   1.9715   1.92297  eIoni  e-  
