1  0  0.209228  (0.250952,-0.255603,62.5)  122  0  122  (0.397007,-0.826288,0.447336) (0,-0,-0)  gamma
4  1  0.209251  (0.397007,-0.826288,0.447336)  3.51843  0  3.51843  (0.397064,-0.81982,0.444759) (0,0,-0)  gamma
5  4  0.209252  (0.397064,-0.81982,0.444759)  2.50643  0  2.50643  (0.397068,-0.819809,0.444746) (0,0,-0)  electron
3  1  0.210347  (0.397007,-0.826288,0.447336)  23.1526  0  23.1526  (0.647054,-1.04699,0.410835) (0,-0,-0)  gamma
6  3  0.210351  (0.647054,-1.04699,0.410835)  18.2136  0  18.2136  (0.646971,-1.04725,0.411015) (-0,-0,0)  electron
2  1  0.209254  (0.397007,-0.826288,0.447336)  95.289  49.9337  45.3553  (0.396267,-0.8275,0.438753) (-0.153732,0.170915,0.0260752)  electron
2  1  0.209267  (0.397007,-0.826288,0.447336)  95.289  38.9779  56.3111  (0.395245,-0.825927,0.436496) (0.111158,0.168993,-0.0209785)  electron
2  1  0.209276  (0.397007,-0.826288,0.447336)  95.289  20.5181  74.7709  (0.398053,-0.826317,0.437774) (0.0238505,-0.131312,-0.0598229)  electron
2  1  0.209281  (0.397007,-0.826288,0.447336)  95.289  6.47992  88.8091  (0.397352,-0.826506,0.436953) (-0.0794668,0.00916855,0.0162915)  electron
2  1  0.209283  (0.397007,-0.826288,0.447336)  95.289  0  95.289  (0.397288,-0.826498,0.436966) (-0,0,0)  electron
10  2  0.209282  (0.397352,-0.826506,0.436953)  3.72611  0  3.72611  (0.397354,-0.82653,0.43697) (0,-0,0)  electron
9  2  0.209279  (0.398053,-0.826317,0.437774)  11.5001  0  11.5001  (0.39815,-0.826261,0.437661) (0,0,-0)  electron
8  2  0.209268  (0.395245,-0.825927,0.436496)  5.59927  0  5.59927  (0.395204,-0.825901,0.436473) (-0,0,-0)  electron
7  2  0.209262  (0.396267,-0.8275,0.438753)  32.2513  9.40795  22.8433  (0.397256,-0.825437,0.440354) (0.0738506,-0.064708,-0.00789788)  electron
7  2  0.209264  (0.396267,-0.8275,0.438753)  32.2513  0  32.2513  (0.397342,-0.825512,0.440344) (0,-0,-0)  electron
11  7  0.209263  (0.397256,-0.825437,0.440354)  3.00016  0  3.00016  (0.397261,-0.825436,0.440375) (0,0,0)  electron

0  0.397007  -0.826288   0.447336   0.03997  phot  gamma  
1  0.397064  -0.81982   0.444759   1.012  phot  gamma  
2  0.397068  -0.819809   0.444746   2.50643  eIoni  e-  
3  0.647054  -1.04699   0.410835   4.939  phot  gamma  
4  0.646971  -1.04725   0.411015   18.2136  eIoni  e-  
5  0.396267  -0.8275   0.438753   13.104  eIoni  e-  
6  0.395245  -0.825927   0.436496   5.35653  eIoni  e-  
7  0.398053  -0.826317   0.437774   6.95979  eIoni  e-  
8  0.397352  -0.826506   0.436953   10.312  eIoni  e-  
9  0.397288  -0.826498   0.436966   6.47992  eIoni  e-  
10  0.397354  -0.82653   0.43697   3.72611  eIoni  e-  
11  0.39815  -0.826261   0.437661   11.5001  eIoni  e-  
12  0.395204  -0.825901   0.436473   5.59927  eIoni  e-  
13  0.397256  -0.825437   0.440354   19.8432  eIoni  e-  
14  0.397342  -0.825512   0.440344   9.40795  eIoni  e-  
15  0.397261  -0.825436   0.440375   3.00016  eIoni  e-  
